1	1962028.316	628807.3697
	1962029.892	628805.9857
	1962029.241	628805.4938
	1962027.209	628807.7938
	1962027.415	628808.8893
	1962026.851	628809.754
	1962027.396	628810.1835
	1962028.106	628808.9149
	1962029.892	628805.9857
END		
2	1962029.754	628807.4342
	1962027.695	628810.4194
	1962032.092	628805.7391
	1962031.989	628805.4441
	1962031.151	628806.0436
	1962029.892	628805.9857
	1962028.106	628808.9149
	1962028.038	628809.0359
	1962027.396	628810.1838
	1962027.695	628810.4194
END		
3	1962031.395	628808.0264
	1962033.592	628807.3604
	1962032.092	628805.7391
	1962027.695	628810.4194
	1962029.012	628811.4573
	1962033.592	628807.3604
END		
4	1962036.374	628815.8996
	1962038.104	628815.5941
	1962037.824	628815.0015
	1962035.87	628815.1561
	1962034.756	628815.9854
	1962035.924	628816.9059
	1962036.356	628817.2467
	1962036.52	628817.0538
	1962037.277	628816.7048
	1962038.104	628815.5941
END		
5	1962033.293	628809.8025
	1962035.938	628809.4809
	1962033.592	628807.3604
	1962029.91	628810.6538
	1962032.359	628812.6061
	1962033.296	628813.458
	1962033.306	628813.4656
	1962035.938	628809.4809
END		
6	1962036.547	628810.8864
	1962034.357	628814.2228
	1962039.05	628810.0229
	1962039.179	628808.1209
	1962038.041	628808.0416
	1962035.938	628809.4809
	1962033.306	628813.4656
	1962033.296	628813.458
	1962032.51	628814.2145
	1962033.701	628815.1536
	1962034.357	628814.2228
END		
7	1962030.748	628812.0781
	1962032.359	628812.6061
	1962029.91	628810.6538
	1962029.012	628811.4573
	1962031.571	628813.4742
	1962032.377	628814.1103
	1962032.51	628814.2145
	1962033.296	628813.458
	1962032.359	628812.6061
END		
8	1962036.197	628813.881
	1962038.284	628812.3119
	1962038.265	628810.7248
	1962034.356	628814.2228
	1962033.701	628815.1533
	1962034.756	628815.9851
	1962035.87	628815.1561
	1962037.188	628815.0515
	1962038.284	628812.3119
END		
9	1962039.003	628813.4078
	1962040.607	628812.8847
	1962038.284	628812.3119
	1962037.188	628815.0515
	1962037.824	628815.0012
	1962039.337	628814.3663
	1962040.607	628812.8847
END		
10	1962044.482	628808.5058
	1962045.281	628806.9995
	1962044.329	628806.7337
	1962043.503	628809.8293
	1962040.607	628812.8847
	1962039.337	628814.3663
	1962037.824	628815.0015
	1962038.104	628815.5941
	1962038.884	628815.2908
	1962039.96	628814.6824
	1962042.289	628812.2565
	1962044.241	628810.2563
	1962045.253	628808.2139
	1962045.281	628806.9995
END		
11	1962039.907	628811.7399
	1962041.631	628811.8047
	1962039.05	628810.0229
	1962038.265	628810.7248
	1962038.285	628812.3119
	1962040.607	628812.8847
	1962041.631	628811.8047
END		
12	1962039.816	628808.569
	1962043.026	628805.9821
	1962042.818	628805.6983
	1962042.098	628805.9839
	1962039.179	628808.1209
	1962039.05	628810.0229
	1962039.716	628810.4828
	1962040.496	628809.2456
	1962040.326	628808.7482
	1962041.999	628806.8517
	1962043.059	628806.4652
	1962043.026	628805.9821
END		
13	1962041.562	628808.1949
	1962043.07	628806.628
	1962043.059	628806.4652
	1962041.998	628806.8517
	1962040.326	628808.7482
	1962040.496	628809.2456
	1962040.99	628809.348
	1962042.177	628808.4708
	1962043.07	628806.628
END		
14	1962041.339	628810.6402
	1962043.503	628809.8293
	1962044.329	628806.7337
	1962043.026	628805.9821
	1962043.07	628806.628
	1962042.177	628808.4708
	1962040.991	628809.3483
	1962040.496	628809.2456
	1962039.717	628810.4831
	1962041.631	628811.8047
	1962043.503	628809.8293
END		
15	1962031.569	628804.9601
	1962032.806	628804.2706
	1962031.946	628804.2377
	1962030.67	628804.6147
	1962029.892	628805.9857
	1962031.151	628806.0436
	1962031.989	628805.4441
	1962032.945	628804.7589
	1962032.806	628804.2706
END		
16	1962029.865	628805.2723
	1962030.67	628804.6147
	1962031.946	628804.2377
	1962032.806	628804.2706
	1962033.785	628803.0867
	1962033.713	628802.4186
	1962032.575	628804.1057
	1962030.862	628803.629
	1962029.241	628805.4938
	1962029.892	628805.9857
	1962030.67	628804.6147
END		
17	1962035.792	628803.2435
	1962038.018	628802.571
	1962037.061	628801.1528
	1962035.029	628802.1056
	1962034.404	628803.4708
	1962032.806	628804.2706
	1962032.945	628804.7589
	1962031.989	628805.4441
	1962032.092	628805.7391
	1962032.684	628806.3795
	1962038.018	628802.571
END		
18	1962035.392	628800.612
	1962036.84	628799.3511
	1962036.372	628798.9621
	1962035.086	628800.4545
	1962033.713	628802.4186
	1962033.785	628803.0867
	1962036.84	628799.3511
END		
19	1962036.888	628800.335
	1962037.832	628800.2243
	1962036.84	628799.3511
	1962033.785	628803.0867
	1962032.806	628804.2706
	1962034.404	628803.4708
	1962035.029	628802.1056
	1962037.061	628801.1528
	1962037.832	628800.2243
END		
20	1962035.154	628807.623
	1962036.603	628807.3193
	1962035.161	628806.6179
	1962033.592	628807.3604
	1962035.55	628809.1307
	1962036.603	628807.3193
END		
21	1962036.185	628806.0883
	1962035.938	628809.4809
	1962038.041	628808.0416
	1962039.179	628808.1209
	1962040.601	628807.0797
	1962036.259	628803.8265
	1962032.684	628806.3795
	1962033.592	628807.3604
	1962035.161	628806.6179
	1962036.603	628807.3193
	1962035.55	628809.1307
	1962035.938	628809.4809
END		
22	1962039.047	628804.6598
	1962039.933	628804.5343
	1962038.63	628803.6741
	1962038.004	628805.1335
	1962039.345	628806.1384
	1962039.933	628804.5343
END		
23	1962037.627	628803.6079
	1962039.962	628802.1979
	1962038.935	628801.3195
	1962038.018	628802.571
	1962036.259	628803.8265
	1962038.004	628805.1335
	1962038.63	628803.6741
	1962039.962	628802.1979
END		
24	1962040.937	628805.4417
	1962042.709	628805.1506
	1962039.933	628804.5343
	1962039.345	628806.1384
	1962040.232	628806.8029
	1962042.709	628805.1506
END		
25	1962041.197	628799.8276
	1962042.707	628800.06
	1962040.947	628798.2474
	1962038.935	628801.3195
	1962039.962	628802.1979
	1962042.707	628800.06
END		
26	1962040.655	628802.8691
	1962043.258	628800.6209
	1962042.707	628800.06
	1962039.962	628802.1979
	1962038.63	628803.6741
	1962039.933	628804.5343
	1962040.868	628804.7418
	1962043.258	628800.6209
END		
27	1962039.552	628799.1088
	1962040.947	628798.2474
	1962039.856	628797.5323
	1962038.546	628799.3526
	1962038.596	628799.4059
	1962039.695	628800.1597
	1962040.776	628798.5089
	1962040.947	628798.2474
END		
28	1962038.054	628801.2837
	1962038.596	628799.4059
	1962038.546	628799.3526
	1962037.832	628800.2243
	1962037.061	628801.1528
	1962038.018	628802.571
	1962038.935	628801.3195
	1962039.695	628800.1597
	1962038.596	628799.4059
END		
29	1962040.301	628796.3155
	1962041.319	628795.5444
	1962041.081	628795.3383
	1962040.169	628795.8065
	1962039.168	628797.4098
	1962038.225	628798.7128
	1962037.2	628799.6681
	1962037.832	628800.2243
	1962038.546	628799.3526
	1962039.856	628797.5323
	1962041.319	628795.5444
END		
30	1962037.665	628798.7434
	1962041.081	628795.3383
	1962040.835	628795.0445
	1962039.954	628795.616
	1962036.697	628799.2325
	1962036.84	628799.3511
	1962037.2	628799.6681
	1962038.225	628798.7128
	1962039.168	628797.4098
	1962040.169	628795.8065
	1962041.081	628795.3383
END		
31	1962038.99	628796.3625
	1962040.835	628795.0445
	1962040.716	628794.4492
	1962039.168	628795.8382
	1962036.372	628798.9621
	1962036.697	628799.2325
	1962039.954	628795.616
	1962040.835	628795.0445
END		
32	1962042.078	628797.1688
	1962044.396	628795.5444
	1962042.163	628794.8674
	1962041.319	628795.5444
	1962039.856	628797.5323
	1962040.947	628798.2474
	1962042.707	628800.0597
	1962043.258	628800.6209
	1962044.396	628795.5444
END		
33	1962045.064	628801.5205
	1962045.442	628803.3656
	1962048.562	628800.413
	1962047.472	628799.1005
	1962043.258	628800.6209
	1962043.258	628800.6209
	1962040.868	628804.7418
	1962042.709	628805.1506
	1962045.442	628803.3656
END		
34	1962047.685	628795.4751
	1962051.541	628789.3108
	1962048.763	628787.7563
	1962044.396	628795.5444
	1962043.258	628800.6209
	1962047.472	628799.1005
	1962050.258	628797.8703
	1962051.342	628794.0338
	1962050.522	628792.2345
	1962051.541	628789.3108
END		
35	1962044.088	628794.1103
	1962044.396	628795.5444
	1962046.406	628791.9593
	1962045.201	628792.0401
	1962042.163	628794.8674
	1962044.396	628795.5444
END		
36	1962046.388	628803.0797
	1962048.787	628800.8794
	1962048.562	628800.413
	1962045.442	628803.3656
	1962042.709	628805.1506
	1962040.232	628806.8029
	1962040.601	628807.0797
	1962042.098	628805.9839
	1962042.818	628805.6983
	1962046.946	628803.1867
	1962048.787	628800.8794
END		
37	1962043.846	628805.7285
	1962047.547	628804.2398
	1962047.322	628802.7158
	1962046.946	628803.1867
	1962042.818	628805.6983
	1962043.026	628805.9821
	1962043.892	628806.4817
	1962045.351	628805.3377
	1962047.547	628804.2398
END		
38	1962047.944	628803.5572
	1962048.701	628803.0596
	1962047.322	628802.7158
	1962047.547	628804.2398
	1962045.351	628805.3377
	1962043.892	628806.4817
	1962044.329	628806.7337
	1962045.008	628806.923
	1962045.615	628806.2028
	1962047.753	628805.0494
	1962048.229	628804.7001
	1962048.43	628803.5781
	1962048.701	628803.0596
END		
39	1962049.049	628799.6759
	1962051.392	628798.1276
	1962050.258	628797.8703
	1962047.472	628799.1008
	1962048.562	628800.413
	1962048.788	628800.8797
	1962049.973	628799.8951
	1962051.392	628798.1276
END		
40	1962049.665	628801.0868
	1962052.483	628798.3961
	1962051.392	628798.1276
	1962049.973	628799.8951
	1962048.788	628800.8797
	1962047.322	628802.7158
	1962048.701	628803.0596
	1962051.279	628800.5261
	1962051.345	628799.2298
	1962051.755	628798.7137
	1962052.483	628798.3961
END		
41	1962053.574	628795.3227
	1962054.39	628794.9144
	1962053.184	628794.5544
	1962051.83	628798.2355
	1962052.483	628798.3961
	1962052.816	628798.0895
	1962054.073	628795.8138
	1962054.39	628794.9144
END		
42	1962051.812	628795.7145
	1962053.184	628794.5544
	1962051.343	628794.0338
	1962050.258	628797.8703
	1962051.392	628798.1276
	1962051.83	628798.2355
	1962053.184	628794.5544
END		
43	1962048.497	628804.6281
	1962054.845	628795.3615
	1962054.31	628795.1426
	1962054.073	628795.8138
	1962052.816	628798.0892
	1962052.483	628798.3964
	1962051.755	628798.7137
	1962051.345	628799.2298
	1962051.279	628800.5264
	1962048.701	628803.0596
	1962048.431	628803.5781
	1962048.229	628804.7001
	1962047.753	628805.0494
	1962045.615	628806.2031
	1962045.008	628806.9233
	1962045.281	628806.9995
	1962045.717	628806.4649
	1962047.993	628805.4728
	1962048.654	628804.8775
	1962048.905	628804.2423
	1962048.839	628803.9143
	1962049.678	628802.7487
	1962051.79	628800.7391
	1962051.71	628799.5818
	1962051.816	628799.423
	1962052.57	628799.3767
	1962054.845	628795.3615
END		
44	1962055.433	628793.9777
	1962058.827	628788.633
	1962058.51	628788.4425
	1962054.975	628794.3587
	1962054.39	628794.9144
	1962054.31	628795.1426
	1962054.845	628795.3615
	1962058.827	628788.633
END		
45	1962055.959	628792.2955
	1962058.51	628788.4425
	1962058.214	628788.3672
	1962054.959	628793.4735
	1962054.192	628793.7911
	1962053.797	628794.7373
	1962054.39	628794.9144
	1962054.975	628794.3587
	1962058.51	628788.4425
END		
46	1962053.585	628793.7323
	1962055.431	628792.7326
	1962053.522	628792.2248
	1962052.544	628794.3733
	1962053.184	628794.5544
	1962053.797	628794.7373
	1962054.192	628793.7911
	1962054.959	628793.4735
	1962055.431	628792.7326
END		
47	1962052.521	628792.9583
	1962052.544	628794.3733
	1962053.522	628792.2248
	1962055.431	628792.7326
	1962055.971	628791.8855
	1962052.861	628790.8358
	1962051.342	628794.0338
	1962051.343	628794.0338
	1962052.544	628794.3733
END		
48	1962058.095	628787.4578
	1962059.065	628786.9462
	1962057.967	628786.3509
	1962055.386	628791.6877
	1962055.971	628791.8855
	1962058.214	628788.3672
	1962059.065	628786.9462
END		
49	1962055.219	628790.565
	1962057.968	628786.3509
	1962057.279	628786.0732
	1962054.832	628789.7376
	1962054.224	628791.296
	1962055.386	628791.688
	1962057.968	628786.3509
END		
50	1962051.785	628791.2002
	1962051.343	628794.0338
	1962052.861	628790.8358
	1962054.224	628791.296
	1962054.832	628789.7376
	1962051.541	628789.3111
	1962050.522	628792.2345
	1962051.343	628794.0338
END		
51	1962057.711	628780.7301
	1962063	628777.3921
	1962056.777	628774.7251
	1962051.541	628789.3111
	1962054.832	628789.7376
	1962057.279	628786.0732
	1962063	628777.3921
END		
52	1962042.162	628793.9879
	1962045.201	628792.0404
	1962043.748	628791.6533
	1962040.716	628794.4492
	1962040.835	628795.0445
	1962041.081	628795.3383
	1962041.319	628795.5444
	1962042.163	628794.8674
	1962045.201	628792.0404
END		
53	1962046.002	628791.0861
	1962048.763	628787.7563
	1962047.748	628787.2693
	1962044.565	628791.8709
	1962045.201	628792.0404
	1962046.406	628791.9593
	1962048.763	628787.7563
END		
54	1962047.832	628785.5224
	1962048.827	628784.9619
	1962048.013	628783.9353
	1962047.113	628785.491
	1962046.489	628786.962
	1962044.148	628791.7596
	1962044.565	628791.8709
	1962047.748	628787.2693
	1962048.827	628784.9619
END		
55	1962044.311	628789.6045
	1962048.965	628781.7444
	1962047.949	628780.9827
	1962047.082	628782.9087
	1962046.256	628785.0253
	1962045.42	628786.4222
	1962045.187	628787.7137
	1962042.837	628790.2323
	1962043.748	628791.6533
	1962044.148	628791.7599
	1962046.489	628786.962
	1962047.113	628785.4913
	1962048.012	628783.9353
	1962048.965	628781.7444
END		
56	1962051.024	628775.7205
	1962052.812	628775.7727
	1962050.479	628774.2145
	1962049.314	628775.7172
	1962047.949	628780.9824
	1962048.965	628781.7444
	1962050.639	628777.1867
	1962052.132	628776.6152
	1962052.812	628775.7727
END		
57	1962050.568	628779.4484
	1962052.957	628775.8531
	1962052.812	628775.7727
	1962052.132	628776.6152
	1962050.639	628777.1867
	1962048.965	628781.7444
	1962048.013	628783.9353
	1962048.827	628784.9619
	1962052.957	628775.8531
END		
58	1962050.273	628783.0399
	1962058.72	628764.5077
	1962057.831	628764.1743
	1962056.434	628768.0956
	1962052.957	628775.8531
	1962048.827	628784.9619
	1962047.748	628787.2693
	1962048.763	628787.7563
	1962057.196	628768.6671
	1962058.72	628764.5077
END		
59	1962051.795	628784.3505
	1962059.739	628765.0421
	1962058.72	628764.5077
	1962057.196	628768.6671
	1962048.763	628787.7563
	1962051.541	628789.3111
	1962056.777	628774.7251
	1962059.739	628765.0421
END		
60	1962055.62	628768.6189
	1962057.831	628764.1743
	1962056.916	628763.796
	1962056.005	628766.4631
	1962052.06	628775.2704
	1962052.812	628775.7727
	1962052.957	628775.8531
	1962056.434	628768.0956
	1962057.831	628764.1743
END		
61	1962052.143	628772.8697
	1962056.916	628763.796
	1962056.175	628763.2669
	1962051.624	628771.9239
	1962050.479	628774.2145
	1962052.06	628775.2704
	1962056.005	628766.4631
	1962056.916	628763.796
END		
62	1962060.546	628770.4194
	1962065.331	628761.0059
	1962061.458	628760.5191
	1962059.739	628765.0421
	1962056.777	628774.7251
	1962062.131	628777.0196
	1962062.241	628773.4732
	1962065.331	628761.0059
END		
63	1962068.205	628760.6217
	1962073.721	628750.8141
	1962068.693	628749.6897
	1962065.331	628761.0059
	1962062.241	628773.4732
	1962062.131	628777.0196
	1962066.149	628772.1714
	1962066.433	628771.0735
	1962065.62	628769.5468
	1962068.189	628766.3454
	1962070.387	628764.1889
	1962071.439	628757.6932
	1962073.721	628750.8141
END		
64	1962059.046	628785.0356
	1962064.112	628777.8825
	1962063	628777.3921
	1962057.279	628786.0732
	1962057.968	628786.3509
	1962059.065	628786.9465
	1962064.112	628777.8825
END		
65	1962061.395	628783.6203
	1962062.302	628782.9148
	1962061.615	628782.3671
	1962059.065	628786.9465
	1962058.214	628788.3672
	1962058.51	628788.4425
	1962058.827	628788.633
	1962062.302	628782.9148
END		
66	1962062.535	628781.5949
	1962065.731	628776.6444
	1962065.136	628776.3137
	1962064.112	628777.8825
	1962061.615	628782.3674
	1962062.302	628782.9151
	1962065.731	628776.6444
END		
67	1962063.516	628776.2501
	1962066.92	628771.3381
	1962066.433	628771.0735
	1962066.149	628772.1714
	1962064.662	628773.9655
	1962062.131	628777.0196
	1962063	628777.3921
	1962063.345	628777.5442
	1962065.467	628774.5541
	1962066.538	628772.9005
	1962066.92	628771.3381
END		
68	1962064.288	628776.885
	1962065.136	628776.3137
	1962067.031	628772.895
	1962066.538	628772.9005
	1962065.467	628774.5541
	1962063.345	628777.5442
	1962064.112	628777.8825
	1962065.136	628776.3137
END		
69	1962067.043	628773.5852
	1962068.42	628771.8236
	1962067.89	628771.5457
	1962067.031	628772.895
	1962065.136	628776.3137
	1962065.731	628776.6444
	1962068.42	628771.8236
END		
70	1962066.525	628769.0677
	1962068.087	628767.649
	1962068.481	628766.0589
	1962068.189	628766.3454
	1962065.62	628769.5468
	1962066.433	628771.0735
	1962066.883	628769.2895
	1962068.087	628767.649
END		
71	1962068.782	628767.1147
	1962069.621	628766.4451
	1962068.481	628766.0589
	1962068.087	628767.649
	1962066.883	628769.2895
	1962066.433	628771.0735
	1962066.92	628771.3381
	1962067.484	628770.1201
	1962069.061	628767.8024
	1962069.621	628766.4451
END		
72	1962067.967	628770.3183
	1962070.381	628766.8526
	1962069.621	628766.4451
	1962069.061	628767.8024
	1962067.484	628770.1201
	1962066.92	628771.3381
	1962066.538	628772.9005
	1962067.031	628772.895
	1962067.89	628771.5457
	1962070.381	628766.8526
END		
73	1962070.445	628767.8468
	1962071.265	628767.5009
	1962070.381	628766.8526
	1962067.89	628771.5457
	1962068.42	628771.8236
	1962071.265	628767.5009
END		
74	1962072.035	628759.6103
	1962073.38	628758.2998
	1962071.413	628757.8527
	1962070.387	628764.1889
	1962068.481	628766.0589
	1962069.621	628766.4451
	1962069.986	628766.6408
	1962070.951	628765.5587
	1962073.38	628758.2998
END		
75	1962073.485	628759.4001
	1962072.244	628764.0475
	1962074.664	628757.4857
	1962073.38	628758.2998
	1962070.951	628765.5587
	1962069.986	628766.6408
	1962070.381	628766.8526
	1962070.661	628767.0577
	1962071.939	628765.6349
	1962071.675	628764.9604
	1962072.244	628764.0475
END		
76	1962072.355	628764.5847
	1962073.424	628763.1108
	1962072.762	628762.6405
	1962072.244	628764.0475
	1962071.675	628764.9604
	1962071.939	628765.6349
	1962070.661	628767.0577
	1962071.265	628767.5009
	1962072.704	628765.4603
	1962072.641	628764.9628
	1962073.424	628763.1108
END		
77	1962077.207	628751.905
	1962078.467	628749.2624
	1962077.382	628749.1036
	1962076.72	628751.0747
	1962076.456	628752.8344
	1962074.664	628757.4857
	1962072.762	628762.6408
	1962073.424	628763.1108
	1962076.363	628755.7181
	1962077.858	628751.8023
	1962078.467	628749.2624
END		
78	1962078.421	628747.4018
	1962080.628	628740.2612
	1962080.136	628739.9595
	1962079.676	628742.4043
	1962077.382	628749.1036
	1962078.467	628749.2624
	1962079.707	628743.6586
	1962080.628	628740.2612
END		
79	1962075.651	628747.1968
	1962077.12	628745.3572
	1962075.638	628744.4574
	1962073.721	628750.8141
	1962071.439	628757.6932
	1962071.413	628757.8527
	1962072.738	628758.1541
	1962077.12	628745.3572
END		
80	1962076.823	628743.7082
	1962079.144	628742.6637
	1962076.617	628741.2348
	1962075.638	628744.4574
	1962077.12	628745.3572
	1962077.728	628743.7485
	1962079.144	628742.6637
END		
81	1962074.312	628755.1726
	1962076.017	628751.026
	1962079.144	628742.6637
	1962077.729	628743.7485
	1962077.12	628745.3572
	1962072.738	628758.1541
	1962073.38	628758.2998
	1962073.823	628758.0188
	1962075.651	628753.0264
	1962076.017	628751.026
END		
82	1962076.276	628751.6053
	1962079.676	628742.4043
	1962079.755	628741.9852
	1962079.144	628742.6637
	1962076.017	628751.026
	1962075.651	628753.0264
	1962073.823	628758.0188
	1962074.664	628757.4857
	1962076.456	628752.8344
	1962076.72	628751.0747
	1962077.382	628749.1036
	1962079.676	628742.4043
END		
83	1962071.411	628743.7311
	1962076.617	628741.2351
	1962067.442	628739.0091
	1962066.746	628742.981
	1962068.693	628749.6897
	1962073.721	628750.8141
	1962075.638	628744.4574
	1962076.617	628741.2351
END		
84	1962072.917	628734.3684
	1962078.989	628724.3066
	1962072.25	628724.0685
	1962070.615	628727.4287
	1962069.723	628731.2335
	1962068.538	628732.7576
	1962067.442	628739.0091
	1962076.617	628741.2351
	1962078.989	628724.3066
END		
85	1962078.206	628738.9888
	1962080.486	628726.5545
	1962079.671	628724.2895
	1962078.989	628724.3066
	1962076.617	628741.2351
	1962079.144	628742.6637
	1962079.967	628733.6768
	1962080.041	628729.8881
	1962080.486	628726.5545
END		
86	1962079.899	628738.4104
	1962080.753	628732.4598
	1962079.999	628732.0306
	1962079.967	628733.6768
	1962079.144	628742.6637
	1962079.755	628741.9852
	1962080.136	628739.9595
	1962080.753	628732.4598
END		
87	1962080.892	628734.0201
	1962081.275	628732.6451
	1962080.753	628732.4598
	1962080.136	628739.9595
	1962080.628	628740.2612
	1962081.275	628732.6451
END		
88	1962081.303	628731.2301
	1962082.937	628729.4038
	1962082.334	628729.1075
	1962080.556	628731.7005
	1962080.753	628732.4598
	1962081.276	628732.6451
	1962081.297	628731.8803
	1962082.937	628729.4038
END		
89	1962080.946	628729.8255
	1962082.334	628729.1075
	1962080.284	628728.0694
	1962080.041	628729.8881
	1962079.999	628732.0309
	1962080.753	628732.4598
	1962080.556	628731.7005
	1962082.334	628729.1075
END		
90	1962083.037	628725.6042
	1962084.509	628725.5157
	1962083.324	628723.3355
	1962081.725	628725.1664
	1962080.977	628728.4202
	1962082.136	628729.0073
	1962084.509	628725.5157
END		
91	1962082.897	628728.6262
	1962084.911	628725.6508
	1962084.509	628725.5157
	1962082.136	628729.0073
	1962082.334	628729.1075
	1962082.937	628729.4038
	1962084.109	628727.4339
	1962084.911	628725.6508
END		
92	1962080.907	628726.7679
	1962081.432	628726.4423
	1962079.671	628724.2895
	1962080.486	628726.5545
	1962080.284	628728.0694
	1962080.977	628728.4202
	1962081.432	628726.4423
END		
93	1962081.86	628723.4495
	1962083.324	628723.3355
	1962082.453	628721.4542
	1962079.671	628724.2895
	1962081.432	628726.4423
	1962081.725	628725.1664
	1962083.324	628723.3355
END		
94	1962084.036	628720.7032
	1962084.509	628713.5927
	1962084.284	628713.2818
	1962083.741	628714.2773
	1962083.483	628715.1902
	1962083.411	628716.3808
	1962083.682	628719.5623
	1962083.894	628721.5204
	1962084.911	628725.6508
	1962083.688	628716.2649
	1962084.509	628713.5927
END		
95	1962083.047	628720.0218
	1962083.411	628716.3808
	1962082.125	628716.2692
	1962082.453	628721.4542
	1962083.324	628723.3355
	1962084.509	628725.5157
	1962084.911	628725.6508
	1962083.894	628721.5204
	1962083.682	628719.5623
	1962083.411	628716.3808
END		
96	1962081.502	628716.1124
	1962083.46	628711.5146
	1962082.435	628711.1708
	1962082.237	628711.4155
	1962082.746	628712.778
	1962080.814	628716.0522
	1962081.91	628720.9418
	1962080.421	628723.5248
	1962082.453	628721.4542
	1962082.125	628716.2692
	1962083.368	628712.4936
	1962083.46	628711.5146
END		
97	1962082.94	628715.4075
	1962084.284	628713.2818
	1962083.46	628711.5146
	1962083.425	628711.8816
	1962083.368	628712.4936
	1962082.125	628716.2692
	1962083.411	628716.3808
	1962083.484	628715.1902
	1962083.741	628714.2773
	1962084.284	628713.2818
END		
98	1962083.691	628710.5025
	1962083.874	628712.4034
	1962084.785	628709.2352
	1962083.372	628709.9814
	1962082.435	628711.1708
	1962083.46	628711.5146
	1962083.874	628712.4034
END		
99	1962085.32	628707.3669
	1962086.163	628706.9584
	1962086.494	628706.0059
	1962084.218	628706.3235
	1962084.785	628709.2352
	1962083.874	628712.4034
	1962084.064	628712.8109
	1962086.375	628708.4931
	1962086.163	628706.9584
END		
100	1962086.85	628707.0539
	1962087.585	628708.0255
	1962087.452	628705.9089
	1962086.494	628706.0059
	1962086.163	628706.9584
	1962086.375	628708.4931
	1962086.585	628708.7713
	1962087.585	628708.0255
END		
101	1962086.301	628709.513
	1962086.957	628709.2639
	1962086.375	628708.4931
	1962084.064	628712.8109
	1962084.284	628713.2818
	1962084.509	628713.5927
	1962085.092	628711.7959
	1962086.957	628709.2639
END		
102	1962087.881	628706.5799
	1962088.31	628706.0717
	1962087.452	628705.9089
	1962087.585	628708.0255
	1962086.585	628708.771
	1962086.957	628709.2639
	1962087.926	628708.9688
	1962088.085	628708.7969
	1962088.31	628706.0717
END		
103	1962088.002	628704.4344
	1962088.471	628702.55
	1962087.217	628701.9785
	1962087.452	628705.9089
	1962088.31	628706.0717
	1962088.646	628704.5026
	1962088.471	628702.55
END		
104	1962086.735	628704.9877
	1962087.217	628701.9785
	1962087.18	628700.3591
	1962085.989	628700.4066
	1962086.291	628704.5501
	1962085.498	628706.1448
	1962086.494	628706.0059
	1962087.452	628705.9089
	1962087.217	628701.9785
END		
105	1962083.961	628708.581
	1962084.785	628709.2352
	1962084.373	628707.1172
	1962082.544	628709.5337
	1962081.687	628710.6785
	1962082.011	628710.7766
	1962082.791	628710.719
	1962083.372	628709.9814
	1962084.785	628709.2352
END		
106	1962082.866	628708.0655
	1962084.373	628707.1172
	1962084.218	628706.3235
	1962082.495	628706.9352
	1962081.702	628709.0783
	1962081.622	628709.4907
	1962081.687	628710.6785
	1962082.544	628709.5337
	1962084.373	628707.1172
END		
107	1962080.754	628721.1687
	1962081.081	628710.5112
	1962081.022	628708.6854
	1962079.813	628716.6734
	1962079.671	628724.2895
	1962080.421	628723.5251
	1962081.91	628720.9418
	1962080.814	628716.0522
	1962082.746	628712.778
	1962082.237	628711.4155
	1962081.518	628711.371
	1962081.081	628710.5112
END		
108	1962076.416	628718.0581
	1962079.813	628716.6734
	1962081.022	628708.6854
	1962077.889	628711.0839
	1962073.327	628715.9257
	1962072.25	628724.0685
	1962078.989	628724.3066
	1962079.671	628724.2895
	1962079.813	628716.6734
END		
109	1962065.743	628750.1092
	1962066.746	628742.981
	1962063.937	628742.8447
	1962061.458	628760.5191
	1962065.331	628761.0059
	1962068.693	628749.6897
	1962066.746	628742.981
END		
110	1962061.322	628755.8336
	1962062.426	628753.6183
	1962060.572	628753.5315
	1962060.458	628759.7784
	1962058.72	628764.5077
	1962059.739	628765.0421
	1962061.458	628760.5191
	1962062.426	628753.6183
END		
111	1962061.788	628750.3515
	1962063.094	628748.8515
	1962061.074	628748.1736
	1962060.744	628749.007
	1962060.572	628753.5315
	1962062.426	628753.6183
	1962063.094	628748.8515
END		
112	1962062.464	628746.7493
	1962063.827	628743.6305
	1962062.569	628743.5961
	1962061.074	628748.1736
	1962063.094	628748.8515
	1962063.827	628743.6305
END		
113	1962063.398	628742.7664
	1962064.646	628739.3761
	1962063.985	628739.3099
	1962062.569	628743.5961
	1962063.827	628743.6305
	1962063.937	628742.8447
	1962064.646	628739.3761
END		
114	1962059.672	628760.3178
	1962060.465	628759.3974
	1962059.426	628759.2703
	1962057.831	628764.1743
	1962058.72	628764.5077
	1962060.458	628759.7784
	1962060.465	628759.3974
END		
115	1962059.991	628758.1654
	1962060.579	628753.3507
	1962059.796	628753.2376
	1962059.426	628759.2703
	1962060.465	628759.3974
	1962060.572	628753.5315
	1962060.579	628753.3507
END		
116	1962060.23	628752.4648
	1962060.744	628749.007
	1962060.08	628748.921
	1962059.796	628753.2379
	1962060.579	628753.3507
	1962060.744	628749.007
END		
117	1962057.696	628763.0654
	1962059.458	628758.7561
	1962058.933	628758.6299
	1962056.916	628763.796
	1962057.831	628764.1743
	1962059.426	628759.2703
	1962059.458	628758.7561
END		
118	1962056.882	628762.7226
	1962058.933	628758.6302
	1962058.444	628758.429
	1962056.175	628763.2666
	1962056.916	628763.796
	1962058.933	628758.6302
END		
119	1962059.215	628753.6176
	1962059.852	628752.3851
	1962058.677	628752.333
	1962058.592	628758.1114
	1962058.444	628758.429
	1962058.933	628758.6302
	1962059.458	628758.7561
	1962059.796	628753.2379
	1962059.852	628752.3851
END		
120	1962059.346	628749.7962
	1962060.08	628748.921
	1962059.488	628748.0703
	1962058.668	628748.9832
	1962058.677	628752.333
	1962059.852	628752.3851
	1962060.08	628748.921
END		
121	1962061.078	628745.4446
	1962062.435	628744.0073
	1962060.97	628743.0697
	1962060.163	628745.5304
	1962059.488	628748.0703
	1962060.08	628748.921
	1962060.744	628749.007
	1962061.074	628748.1736
	1962062.435	628744.0073
END		
122	1962062.577	628740.803
	1962063.985	628739.3099
	1962062.078	628738.6668
	1962062.078	628739.445
	1962060.97	628743.0697
	1962062.435	628744.0073
	1962062.569	628743.5961
	1962063.985	628739.3099
END		
123	1962081.871	628707.2712
	1962082.62	628710.9354
	1962082.791	628710.719
	1962082.011	628710.7766
	1962081.687	628710.6785
	1962081.622	628709.4907
	1962081.702	628709.0783
	1962082.495	628706.9352
	1962081.627	628706.2351
	1962081.022	628708.6854
	1962081.081	628710.5112
	1962081.376	628711.0927
	1962081.518	628711.371
	1962082.237	628711.4155
	1962082.435	628711.1708
	1962082.62	628710.9354
END		
124	1962077.316	628708.8164
	1962080.95	628705.0034
	1962075.891	628705.0034
	1962073.139	628709.9777
	1962070.663	628716.4335
	1962071.841	628723.7954
	1962072.25	628724.0685
	1962073.328	628715.926
	1962077.889	628711.0839
	1962081.022	628708.6854
	1962081.627	628706.2351
	1962080.95	628705.0034
END		
125	1962066.079	628739.1439
	1962072.25	628724.0685
	1962071.841	628723.7954
	1962069.572	628724.5257
	1962066.728	628734.2096
	1962064.646	628739.3761
	1962063.937	628742.8447
	1962066.746	628742.981
	1962068.538	628732.7576
	1962069.723	628731.2335
	1962070.615	628727.4287
	1962072.25	628724.0685
END		
126	1962068.101	628726.7318
	1962069.572	628724.5257
	1962068.105	628723.5708
	1962063.985	628739.3099
	1962064.646	628739.3761
	1962066.728	628734.2096
	1962069.572	628724.5257
END		
127	1962064.713	628732.1128
	1962066.947	628727.9929
	1962065.335	628727.3147
	1962063.557	628731.9925
	1962063.538	628739.1594
	1962063.985	628739.3099
	1962066.947	628727.9929
END		
128	1962066.406	628726.7608
	1962068.105	628723.5708
	1962067.388	628721.8325
	1962065.335	628727.3147
	1962066.947	628727.9929
	1962068.105	628723.5708
END		
129	1962066.117	628722.1281
	1962067.722	628719.5556
	1962065.553	628717.8703
	1962065.199	628721.0982
	1962062.63	628732.044
	1962062.853	628738.9283
	1962063.538	628739.1594
	1962063.557	628731.9925
	1962065.335	628727.3147
	1962067.388	628721.8325
	1962068.503	628720.2335
	1962067.722	628719.5556
END		
130	1962063.808	628724.2938
	1962065.199	628721.0982
	1962063.492	628720.6352
	1962062.929	628726.9931
	1962062.103	628732.3906
	1962062.078	628738.6668
	1962062.853	628738.9283
	1962062.63	628732.044
	1962065.199	628721.0982
END		
131	1962069.542	628721.5171
	1962071.841	628723.7954
	1962070.754	628717.0041
	1962067.388	628721.8325
	1962068.105	628723.5708
	1962069.572	628724.5257
	1962071.841	628723.7954
END		
132	1962068.869	628718.8104
	1962070.398	628717.5152
	1962069.737	628716.6758
	1962067.722	628719.5556
	1962068.503	628720.2335
	1962070.398	628717.5152
END		
133	1962066.681	628717.4517
	1962067.648	628715.3804
	1962066.352	628714.2959
	1962065.553	628717.8703
	1962067.722	628719.5556
	1962068.566	628718.3498
	1962067.984	628718.2882
	1962067.423	628716.5447
	1962067.648	628715.3804
END		
134	1962068.493	628716.4588
	1962068.791	628715.6002
	1962068.585	628715.1981
	1962067.648	628715.3804
	1962067.423	628716.5447
	1962067.984	628718.2882
	1962068.566	628718.3498
	1962069.737	628716.6758
	1962068.791	628715.6002
END		
135	1962068.449	628714.63
	1962069.966	628715.9601
	1962069.336	628714.4306
	1962068.204	628714.1185
	1962067.084	628714.9086
	1962067.648	628715.3804
	1962068.585	628715.1981
	1962068.791	628715.6002
	1962069.737	628716.6758
	1962069.966	628715.9601
END		
136	1962065.253	628712.4262
	1962066.632	628710.491
	1962064.156	628710.2582
	1962063.492	628720.6352
	1962065.199	628721.0982
	1962065.553	628717.8703
	1962066.352	628714.2959
	1962066.632	628710.491
END		
137	1962065.515	628708.8843
	1962066.854	628707.9807
	1962065.069	628702.4573
	1962064.44	628706.3268
	1962064.156	628710.2582
	1962066.632	628710.491
	1962066.854	628707.9807
END		
138	1962071.242	628710.8413
	1962073.139	628709.9777
	1962073.584	628709.1728
	1962069.785	628709.6873
	1962069.336	628714.4306
	1962069.966	628715.9601
	1962069.737	628716.6758
	1962070.398	628717.5152
	1962070.754	628717.0041
	1962070.663	628716.4335
	1962073.139	628709.9777
END		
139	1962067.357	628712.7729
	1962068.204	628714.1185
	1962068.536	628704.2304
	1962066.854	628707.9807
	1962066.632	628710.491
	1962066.352	628714.2959
	1962067.084	628714.9086
	1962068.204	628714.1185
END		
140	1962069.407	628706.0575
	1962069.785	628709.6873
	1962070.661	628703.9643
	1962068.536	628704.2304
	1962068.204	628714.1185
	1962069.336	628714.4306
	1962069.785	628709.6873
END		
141	1962066.82	628703.5405
	1962067.643	628700.8659
	1962065.452	628700.5803
	1962065.069	628702.4573
	1962066.854	628707.9807
	1962068.536	628704.2304
	1962068.286	628703.8399
	1962067.643	628700.8659
END		
142	1962073.194	628704.9943
	1962075.891	628705.0034
	1962072.216	628697.9548
	1962070.661	628703.9643
	1962069.785	628709.6873
	1962073.584	628709.1728
	1962075.891	628705.0034
END		
143	1962071.332	628698.2793
	1962072.216	628697.9548
	1962070.822	628696.8175
	1962069.368	628704.1264
	1962070.661	628703.9646
	1962072.216	628697.9548
END		
144	1962071.861	628695.8297
	1962072.814	628695.7376
	1962071.796	628692.642
	1962070.327	628693.1843
	1962070.988	628695.3408
	1962070.822	628696.8175
	1962072.216	628697.9548
	1962072.814	628695.7376
END		
145	1962069.247	628698.2445
	1962070.327	628693.1843
	1962069.031	628689.2657
	1962067.643	628700.8663
	1962068.286	628703.8402
	1962068.536	628704.2304
	1962069.368	628704.1264
	1962070.822	628696.8175
	1962070.988	628695.3408
	1962070.327	628693.1843
END		
146	1962066.838	628698.5461
	1962067.643	628700.8663
	1962069.031	628689.2657
	1962067.517	628689.6821
	1962066.062	628696.482
	1962065.452	628700.5803
	1962067.643	628700.8663
END		
147	1962073.893	628695.6575
	1962075.111	628695.3441
	1962071.796	628692.642
	1962072.814	628695.7376
	1962072.216	628697.9548
	1962073.377	628700.1807
	1962075.111	628695.3441
END		
148	1962077.488	628700.8328
	1962082.374	628704.0359
	1962079.079	628694.5769
	1962075.111	628695.3441
	1962073.377	628700.1807
	1962075.891	628705.0034
	1962080.95	628705.0034
	1962082.374	628704.0359
END		
149	1962084.371	628703.377
	1962085.989	628700.4066
	1962083.853	628698.0398
	1962082.374	628704.0359
	1962080.95	628705.0034
	1962081.627	628706.2351
	1962082.495	628706.9352
	1962084.218	628706.3235
	1962085.498	628706.1448
	1962086.291	628704.5501
	1962085.989	628700.4066
END		
150	1962081.919	628695.2292
	1962082.038	628685.7657
	1962079.709	628682.019
	1962078.651	628690.0582
	1962079.079	628694.5769
	1962082.374	628704.0359
	1962083.853	628698.0398
	1962084.535	628695.2146
	1962082.038	628685.7657
END		
151	1962072.913	628690.7346
	1962074.637	628691.3521
	1962071.737	628685.8489
	1962071.187	628688.5159
	1962071.796	628692.642
	1962073.452	628693.9917
	1962074.637	628691.3521
END		
152	1962075.585	628686.4261
	1962079.709	628682.019
	1962073.494	628680.4807
	1962071.737	628685.8489
	1962074.637	628691.3521
	1962073.452	628693.9917
	1962075.111	628695.3441
	1962079.08	628694.5769
	1962078.651	628690.0585
	1962079.709	628682.019
END		
153	1962079.298	628673.7829
	1962085.565	628677.1089
	1962078.802	628668.4251
	1962072.719	628678.6753
	1962073.494	628680.4807
	1962079.709	628682.019
	1962082.038	628685.7657
	1962084.535	628695.214
	1962084.511	628685.4645
	1962085.838	628681.4493
	1962085.565	628677.1089
END		
154	1962087.035	628688.2666
	1962086.978	628695.2524
	1962088.205	628685.2317
	1962086.301	628685.3207
	1962086.194	628690.2451
	1962086.046	628697.1964
	1962085.989	628700.4066
	1962087.18	628700.3591
	1962086.978	628695.2524
END		
155	1962088.001	628697.771
	1962089.221	628690.7986
	1962087.547	628690.6026
	1962086.978	628695.2524
	1962087.18	628700.3591
	1962087.217	628701.9785
	1962088.471	628702.55
	1962088.721	628698.779
	1962089.33	628695.7648
	1962088.822	628695.2807
	1962089.221	628690.7986
END		
156	1962089.219	628680.375
	1962090.793	628680.9443
	1962089.078	628677.7691
	1962087.851	628678.4044
	1962088.205	628685.2317
	1962087.547	628690.6026
	1962089.221	628690.7986
	1962090.33	628686.3247
	1962089	628685.5706
	1962090.793	628680.9443
END		
157	1962085.128	628696.6152
	1962086.359	628682.6362
	1962085.838	628681.4493
	1962084.511	628685.4645
	1962084.535	628695.2146
	1962083.853	628698.0398
	1962085.989	628700.4066
	1962086.046	628697.1964
	1962086.194	628690.2451
	1962086.359	628682.6362
END		
158	1962086.863	628680.3936
	1962087.851	628678.4044
	1962085.565	628677.1089
	1962085.838	628681.4493
	1962086.359	628682.6362
	1962086.301	628685.3207
	1962088.205	628685.2317
	1962087.851	628678.4044
END		
159	1962087.922	628671.7309
	1962089.078	628677.7691
	1962088.495	628670.0625
	1962087.093	628670.3536
	1962087.851	628678.4044
	1962089.078	628677.7691
END		
160	1962085.104	628673.5739
	1962087.851	628678.4044
	1962087.093	628670.3536
	1962082.778	628673.5312
	1962085.565	628677.1089
	1962087.851	628678.4044
END		
161	1962087.635	628667.4807
	1962088.495	628670.0625
	1962088.413	628665.5654
	1962086.698	628666.1528
	1962087.093	628670.3536
	1962088.495	628670.0625
END		
162	1962087.116	628664.0725
	1962088.429	628664.448
	1962087.937	628662.6856
	1962086.025	628663.0977
	1962085.809	628664.8924
	1962086.698	628666.1528
	1962088.413	628665.5654
	1962088.429	628664.448
END		
163	1962084.272	628666.7549
	1962085.809	628664.8924
	1962086.025	628663.0977
	1962080.208	628663.5894
	1962084.531	628672.2406
	1962087.093	628670.3536
	1962086.698	628666.1528
	1962085.809	628664.8924
END		
164	1962080.354	628667.2683
	1962080.208	628663.5894
	1962078.157	628663.0931
	1962078.802	628668.4251
	1962082.778	628673.5312
	1962084.531	628672.2406
	1962080.208	628663.5894
END		
165	1962070.385	628690.1877
	1962072.719	628678.6753
	1962071.3	628678.2014
	1962070.689	628679.647
	1962071.43	628681.4198
	1962069.031	628689.266
	1962070.327	628693.1843
	1962071.796	628692.642
	1962071.187	628688.5159
	1962071.737	628685.8489
	1962073.494	628680.4807
	1962072.719	628678.6753
END		
166	1962069.64	628674.6924
	1962071.3	628678.2014
	1962071.708	628671.0226
	1962067.508	628671.2872
	1962068.302	628681.1957
	1962068.647	628689.3715
	1962069.031	628689.266
	1962071.43	628681.4198
	1962070.689	628679.647
	1962071.3	628678.2014
END		
167	1962073.534	628673.9447
	1962072.719	628678.6753
	1962077.398	628670.791
	1962071.708	628671.0226
	1962071.3	628678.2014
	1962072.719	628678.6753
END		
168	1962076.778	628667.7945
	1962078.802	628668.4251
	1962078.158	628663.0931
	1962075.796	628664.1039
	1962074.01	628670.9287
	1962077.398	628670.791
	1962078.802	628668.4251
END		
169	1962073.48	628662.2468
	1962073.469	628657.5472
	1962069.976	628656.3963
	1962072.596	628664.6909
	1962072.516	628667.1595
	1962071.708	628671.0226
	1962074.01	628670.9287
	1962075.796	628664.1039
	1962073.469	628657.5472
END		
170	1962067.835	628682.3241
	1962068.302	628681.1957
	1962067.508	628671.2872
	1962066.047	628671.4204
	1962067.238	628677.2467
	1962067.119	628679.5486
	1962067.492	628684.6793
	1962067.517	628689.6821
	1962068.647	628689.3715
	1962068.302	628681.1957
END		
171	1962070.264	628665.2922
	1962072.596	628664.6909
	1962069.976	628656.3963
	1962067.837	628664.12
	1962068.531	628671.2229
	1962071.708	628671.0226
	1962072.516	628667.1595
	1962072.596	628664.6909
END		
172	1962066.908	628664.1972
	1962067.837	628664.12
	1962069.125	628659.4706
	1962065.551	628662.2574
	1962067.508	628671.2872
	1962068.531	628671.2229
	1962067.837	628664.12
END		
173	1962066.169	628669.0641
	1962067.508	628671.2872
	1962066.26	628665.5297
	1962064.821	628665.8684
	1962065.287	628668.9801
	1962066.047	628671.4204
	1962067.508	628671.2872
END		
174	1962066.718	628658.8534
	1962067.211	628653.9487
	1962067.443	628645.2374
	1962065.022	628645.2771
	1962065.027	628653.778
	1962065.281	628658.8424
	1962065.551	628662.2574
	1962068.384	628660.0485
	1962067.211	628653.9487
END		
175	1962064.67	628661.4945
	1962065.022	628645.2771
	1962063.977	628643.9987
	1962063.917	628647.1275
	1962064.288	628651.1229
	1962063.944	628653.832
	1962064.235	628656.7374
	1962063.811	628661.9629
	1962064.821	628665.8684
	1962066.26	628665.5297
	1962065.551	628662.2574
	1962065.281	628658.8424
	1962065.027	628653.778
	1962065.022	628645.2771
END		
176	1962064.715	628639.8833
	1962065.022	628645.2771
	1962065.483	628638.5348
	1962064.058	628638.6982
	1962063.977	628643.999
	1962065.022	628645.2771
END		
177	1962067.26	628639.5543
	1962069.156	628639.4782
	1962069.072	628638.1236
	1962065.483	628638.5348
	1962065.022	628645.2771
	1962067.443	628645.2374
	1962067.622	628641.8596
	1962069.156	628639.4782
END		
178	1962068.598	628646.6538
	1962069.05	628652.496
	1962069.976	628645.1932
	1962067.443	628645.2374
	1962067.251	628652.4689
	1962069.05	628652.496
END		
179	1962068.637	628655.5006
	1962069.05	628652.496
	1962067.251	628652.4689
	1962067.211	628653.9487
	1962068.384	628660.0482
	1962069.125	628659.4706
	1962069.976	628656.3963
	1962069.05	628652.496
END		
180	1962069.034	628642.9337
	1962070.876	628641.3411
	1962069.156	628639.4782
	1962067.622	628641.8596
	1962067.443	628645.2374
	1962069.976	628645.1932
	1962070.876	628641.3411
END		
181	1962079.774	628660.0577
	1962075.796	628664.1039
	1962078.158	628663.0931
	1962080.208	628663.5894
	1962086.025	628663.098
	1962085.46	628661.9498
	1962084.476	628655.0917
	1962081.261	628653.9884
	1962073.469	628657.5472
	1962075.796	628664.1039
END		
182	1962073.378	628651.0648
	1962078.737	628652.8371
	1962070.876	628641.3411
	1962069.976	628645.1932
	1962069.05	628652.496
	1962069.976	628656.3963
	1962073.469	628657.5472
	1962081.261	628653.9884
	1962078.737	628652.8371
END		
183	1962074.679	628640.8329
	1962079.358	628642.3424
	1962077.943	628637.1065
	1962069.072	628638.1236
	1962069.156	628639.4782
	1962070.876	628641.3411
	1962072.228	628643.3172
	1962079.358	628642.3424
END		
184	1962078.227	628647.4421
	1962084.476	628655.0917
	1962079.358	628642.3424
	1962072.228	628643.3172
	1962078.737	628652.8371
	1962081.261	628653.9884
	1962084.476	628655.0917
END		
185	1962086.092	628661.9436
	1962085.611	628657.543
	1962084.796	628657.326
	1962085.46	628661.9498
	1962086.025	628663.098
	1962087.205	628662.8438
	1962086.182	628660.9245
	1962085.611	628657.543
END		
186	1962086.642	628660.2743
	1962085.77	628651.8694
	1962085.039	628649.996
	1962084.341	628650.5581
	1962085.865	628654.5428
	1962085.96	628655.9397
	1962085.611	628657.543
	1962086.182	628660.9245
	1962087.205	628662.8438
	1962087.937	628662.6856
	1962087.167	628660.121
	1962086.388	628656.8224
	1962086.706	628656.1714
	1962085.77	628651.8694
END		
187	1962084.046	628651.9551
	1962085.865	628654.5428
	1962084.341	628650.5581
	1962082.913	628651.1988
	1962084.476	628655.0917
	1962084.796	628657.326
	1962085.611	628657.543
	1962085.96	628655.9397
	1962085.865	628654.5428
END		
188	1962080.613	628639.5363
	1962082.328	628637.9142
	1962082.227	628636.6206
	1962079.358	628636.944
	1962077.943	628637.1065
	1962079.358	628642.3424
	1962082.913	628651.1988
	1962084.341	628650.5581
	1962084.755	628650.2246
	1962083.511	628645.3496
	1962082.598	628642.3994
	1962082.638	628638.4729
	1962082.328	628637.9142
END		
189	1962083.23	628641.9425
	1962084.239	628638.3428
	1962083.998	628636.421
	1962082.227	628636.6206
	1962082.328	628637.9142
	1962082.638	628638.4729
	1962082.598	628642.3994
	1962083.511	628645.3496
	1962084.755	628650.2246
	1962085.039	628649.996
	1962083.683	628640.7617
	1962083.048	628638.8698
	1962084.239	628638.3428
END		
190	1962026.305	628808.5051
	1962027.209	628807.7938
	1962025.256	628807.6725
	1962024.91	628808.2242
	1962025.1	628808.3739
	1962025.496	628808.6857
	1962025.648	628808.8058
	1962026.851	628809.754
	1962027.415	628808.8893
	1962027.209	628807.7938
END		
191	1962026.38	628806.437
	1962024.161	628807.6335
	1962024.84	628806.6302
	1962025.256	628807.6725
	1962027.209	628807.7938
	1962029.241	628805.4938
	1962029.671	628804.9985
	1962028.379	628804.4017
	1962027.361	628805.0235
	1962025.469	628805.2274
	1962025.134	628805.8757
	1962023.934	628806.7383
	1962023.459	628807.08
	1962024.161	628807.6335
END		
192	1962021.004	628803.2574
	1962023.824	628802.1263
	1962021.363	628800.499
	1962017.845	628802.6548
	1962020.942	628805.0963
	1962021.866	628804.7193
	1962023.337	628803.4226
	1962023.824	628802.1263
END		
193	1962023.805	628805.0985
	1962026.155	628802.4835
	1962023.824	628802.1263
	1962023.337	628803.4226
	1962021.866	628804.7193
	1962020.942	628805.0963
	1962023.168	628806.8511
	1962023.459	628807.08
	1962023.934	628806.7383
	1962025.134	628805.8757
	1962025.469	628805.2274
	1962027.361	628805.0235
	1962026.367	628804.124
	1962026.155	628802.4835
END		
194	1962023.23	628800.1344
	1962026.155	628802.4835
	1962023.846	628798.5683
	1962022.922	628798.7622
	1962021.363	628800.499
	1962023.824	628802.1263
	1962026.155	628802.4835
END		
195	1962026.337	628791.7643
	1962034.861	628785.7111
	1962031.089	628783.33
	1962028.941	628785.7943
	1962027.742	628785.8324
	1962024.567	628789.9863
	1962022.13	628794.576
	1962025.496	628797.3872
	1962027.924	628794.8488
	1962028.797	628792.0294
	1962034.861	628785.7111
END		
196	1962020.289	628799.4233
	1962025.496	628797.3872
	1962022.13	628794.576
	1962016.506	628801.5996
	1962017.845	628802.6548
	1962021.363	628800.499
	1962022.922	628798.7622
	1962023.846	628798.5683
	1962025.496	628797.3872
END		
197	1962029.021	628801.4512
	1962032.631	628797.9828
	1962034.723	628796.0927
	1962030.199	628798.3681
	1962026.155	628802.4835
	1962026.367	628804.124
	1962027.361	628805.0235
	1962028.379	628804.4017
	1962031.343	628800.8949
	1962032.631	628797.9828
END		
198	1962026.813	628799.1328
	1962028.823	628795.5133
	1962028.153	628794.1066
	1962027.924	628794.8488
	1962025.496	628797.3872
	1962023.846	628798.5683
	1962026.155	628802.4835
	1962030.199	628798.3681
	1962031.839	628797.5436
	1962028.823	628795.5133
END		
199	1962033.624	628797.8739
	1962029.671	628804.9985
	1962030.862	628803.629
	1962031.34	628803.7622
	1962032.575	628804.1057
	1962033.113	628803.3074
	1962032.654	628803.2818
	1962032.007	628803.5238
	1962031.748	628803.1657
	1962031.697	628802.0714
	1962033.443	628798.8058
	1962035.325	628797.1422
	1962034.723	628796.0927
	1962032.631	628797.9828
	1962031.343	628800.8949
	1962028.379	628804.4017
	1962029.671	628804.9985
END		
200	1962035.576	628799.5008
	1962033.113	628803.3074
	1962033.713	628802.4186
	1962035.086	628800.4545
	1962036.372	628798.9621
	1962036.023	628798.5491
	1962034.653	628800.2246
	1962032.591	628803.305
	1962032.654	628803.2818
	1962033.113	628803.3074
END		
201	1962034.676	628799.2104
	1962036.023	628798.5491
	1962035.062	628798.1321
	1962033.887	628799.1799
	1962031.748	628803.1657
	1962032.007	628803.5238
	1962032.591	628803.305
	1962034.653	628800.2246
	1962036.023	628798.5491
END		
202	1962020.917	628795.2927
	1962024.567	628789.9863
	1962027.742	628785.8324
	1962026.313	628785.9382
	1962017.608	628799.4318
	1962015.888	628801.1119
	1962016.506	628801.5996
	1962022.13	628794.576
	1962024.567	628789.9863
END		
203	1962029.447	628793.7877
	1962032.375	628790.7907
	1962031.61	628790.2001
	1962035.642	628786.0016
	1962034.861	628785.7111
	1962028.797	628792.0294
	1962028.153	628794.1066
	1962028.823	628795.5133
	1962029.259	628795.8068
	1962030.787	628794.1773
	1962030.218	628792.6561
	1962032.375	628790.7907
END		
204	1962032.913	628792.0863
	1962036.215	628790.1283
	1962035.696	628789.8186
	1962035.115	628789.7787
	1962032.375	628790.7907
	1962030.218	628792.6561
	1962030.787	628794.1773
	1962029.668	628795.3709
	1962030.848	628795.5477
	1962034.447	628792.8622
	1962036.215	628790.1283
END		
205	1962035.63	628787.9172
	1962032.375	628790.7907
	1962035.115	628789.7787
	1962035.696	628789.8186
	1962036.215	628790.1283
	1962036.861	628789.1755
	1962036.953	628787.3314
	1962035.642	628786.0016
	1962032.375	628790.7907
END		
206	1962035.365	628794.926
	1962031.839	628797.5436
	1962034.723	628796.0927
	1962035.325	628797.1422
	1962037.972	628794.6062
	1962034.943	628793.1809
	1962031.781	628796.1607
	1962030.198	628796.439
	1962031.839	628797.5436
END		
207	1962036.789	628796.6881
	1962038.989	628795.2505
	1962037.419	628795.1359
	1962035.325	628797.1422
	1962036.908	628797.7228
	1962038.989	628795.2505
END		
208	1962039.662	628794.9904
	1962040.924	628794.2578
	1962040.054	628793.9975
	1962038.99	628795.2505
	1962036.908	628797.7228
	1962036.39	628798.3419
	1962036.372	628798.9621
	1962039.168	628795.8382
	1962039.75	628795.3161
	1962040.716	628794.4492
	1962040.924	628794.2578
END		
209	1962038.226	628789.839
	1962038.221	628788.1919
	1962036.953	628787.3314
	1962036.861	628789.1755
	1962036.967	628789.8
	1962035.083	628793.0493
	1962034.943	628793.1809
	1962035.834	628793.6003
	1962039.586	628789.9384
	1962038.221	628788.1919
END		
210	1962040.536	628791.8926
	1962038.99	628795.2505
	1962040.054	628793.9975
	1962040.924	628794.2578
	1962043.748	628791.6533
	1962042.837	628790.2323
	1962043.377	628789.654
	1962040.935	628790.6248
	1962038.76	628790.7443
	1962035.834	628793.6003
	1962037.972	628794.6062
	1962037.419	628795.1359
	1962038.99	628795.2505
END		
211	1962043.563	628788.2518
	1962040.935	628790.6248
	1962043.377	628789.654
	1962045.187	628787.7137
	1962045.42	628786.4222
	1962046.256	628785.0253
	1962046.419	628784.6062
	1962044.973	628784.5129
	1962044.147	628786.2381
	1962040.972	628789.9848
	1962039.586	628789.9384
	1962038.76	628790.7443
	1962040.935	628790.6248
END		
212	1962046.986	628781.106
	1962049.239	628776.0071
	1962048.317	628775.8556
	1962047.346	628777.1949
	1962044.973	628784.5129
	1962046.419	628784.6062
	1962047.082	628782.9087
	1962047.949	628780.9827
	1962049.239	628776.0071
END		
213	1962042.278	628784.8823
	1962044.675	628779.2822
	1962040.878	628782.1136
	1962040.519	628782.6004
	1962038.527	628788.5839
	1962039.586	628789.9384
	1962040.972	628789.9848
	1962044.147	628786.2381
	1962044.973	628784.5129
	1962047.335	628777.2287
	1962044.675	628779.2822
END		
214	1962039.573	628781.4128
	1962040.979	628781.1677
	1962039.097	628780.552
	1962035.667	628784.8561
	1962036.617	628784.6004
	1962040.639	628781.51
	1962040.979	628781.1677
END		
215	1962034.247	628783.9931
	1962037.843	628782.126
	1962034.211	628782.0867
	1962031.089	628783.33
	1962034.153	628785.264
	1962035.667	628784.8561
	1962037.843	628782.126
END		
216	1962037.174	628781.0577
	1962038.686	628781.0674
	1962039.097	628780.552
	1962040.172	628780.9037
	1962040.191	628780.9098
	1962040.191	628780.9016
	1962040.225	628778.9646
	1962041.939	628777.0279
	1962041.41	628776.7846
	1962037.535	628779.2081
	1962034.603	628782.091
	1962037.843	628782.126
	1962038.686	628781.0674
END		
217	1962028.719	628784.7271
	1962031.089	628783.33
	1962034.211	628782.0867
	1962034.603	628782.091
	1962036.068	628780.6501
	1962035.058	628779.8827
	1962034.264	628780.584
	1962032.174	628781.7084
	1962027.583	628784.7114
	1962026.313	628785.9382
	1962027.742	628785.8324
	1962028.941	628785.7943
	1962031.089	628783.33
END		
218	1962039.018	628776.4528
	1962040.115	628775.9574
	1962039.384	628775.4907
	1962035.058	628779.8827
	1962035.609	628780.3008
	1962040.115	628775.9574
END		
219	1962040.187	628776.8959
	1962041.41	628776.7846
	1962040.115	628775.9574
	1962035.609	628780.3008
	1962036.068	628780.6501
	1962037.535	628779.2081
	1962041.41	628776.7846
END		
220	1962042.017	628777.8206
	1962043.011	628777.5649
	1962041.939	628777.0279
	1962040.225	628778.9646
	1962040.191	628780.9098
	1962040.44	628780.9915
	1962040.498	628779.9064
	1962042.032	628778.729
	1962043.011	628777.5649
END		
221	1962047.364	628771.7556
	1962048.659	628769.4422
	1962047.428	628769.4026
	1962045.722	628770.7254
	1962045.735	628771.6249
	1962044.597	628773.3184
	1962045.034	628775.1838
	1962043.011	628777.5649
	1962042.032	628778.729
	1962040.498	628779.9064
	1962040.44	628780.9915
	1962040.979	628781.1677
	1962043.649	628778.483
	1962048.182	628774.8927
	1962049.333	628773.1462
	1962048.659	628769.4422
END		
222	1962045.903	628777.5264
	1962048.317	628775.8559
	1962048.182	628774.8927
	1962043.649	628778.483
	1962044.675	628779.2822
	1962047.335	628777.2287
	1962047.346	628777.1952
	1962048.317	628775.8559
END		
223	1962042.865	628775.8663
	1962045.034	628775.1838
	1962044.597	628773.3184
	1962043.716	628773.6278
	1962040.741	628776.357
	1962041.41	628776.7846
	1962041.939	628777.0279
	1962043.011	628777.5649
	1962045.034	628775.1838
END		
224	1962043.887	628772.9781
	1962045.735	628771.6249
	1962045.722	628770.7254
	1962043.543	628772.4083
	1962039.947	628775.8504
	1962040.741	628776.357
	1962043.716	628773.6278
	1962044.597	628773.3184
	1962045.735	628771.6249
END		
225	1962045.637	628769.549
	1962047.429	628769.4023
	1962045.269	628767.9737
	1962039.384	628775.4907
	1962039.947	628775.8504
	1962043.543	628772.4083
	1962045.722	628770.7254
	1962047.429	628769.4023
END		
226	1962049.81	628763.9587
	1962056.381	628758.0145
	1962055.548	628756.8901
	1962050.507	628761.7057
	1962047.306	628764.9467
	1962045.269	628767.9737
	1962046.323	628768.6711
	1962052.201	628763.1477
	1962056.381	628758.0145
END		
227	1962050.442	628771.4894
	1962051.624	628771.9239
	1962055.415	628764.7129
	1962048.659	628769.4422
	1962049.333	628773.1465
	1962048.182	628774.8927
	1962048.317	628775.8559
	1962049.239	628776.0071
	1962049.314	628775.7172
	1962050.479	628774.2145
	1962051.624	628771.9239
END		
228	1962054.576	628762.5856
	1962058.32	628758.6936
	1962056.381	628758.0145
	1962052.201	628763.1477
	1962046.323	628768.6711
	1962047.429	628769.4023
	1962048.659	628769.4422
	1962055.415	628764.7129
	1962056.175	628763.2666
	1962058.32	628758.6936
END		
229	1962057.992	628754.7957
	1962058.668	628748.9832
	1962058.549	628748.9487
	1962057.762	628751.7666
	1962057.894	628753.2218
	1962057.233	628755.1137
	1962057.563	628756.0927
	1962056.009	628757.5122
	1962056.381	628758.0148
	1962058.32	628758.6936
	1962058.444	628758.429
	1962058.592	628758.1114
	1962058.677	628752.333
	1962058.668	628748.9832
END		
230	1962056.684	628755.7413
	1962058.549	628748.9487
	1962058.384	628748.6576
	1962058.066	628749.1737
	1962055.548	628756.8904
	1962056.009	628757.5122
	1962057.563	628756.0927
	1962057.233	628755.1137
	1962057.894	628753.2218
	1962057.762	628751.7666
	1962058.549	628748.9487
END		
231	1962061.192	628740.545
	1962062.103	628732.3909
	1962062.792	628727.8877
	1962061.721	628727.9301
	1962061.51	628732.0839
	1962061.518	628737.6932
	1962059.956	628742.7734
	1962058.384	628748.6576
	1962058.549	628748.9487
	1962058.668	628748.9832
	1962059.488	628748.0703
	1962060.163	628745.5304
	1962060.97	628743.0697
	1962062.078	628739.445
	1962062.078	628738.6668
	1962062.103	628732.3909
END		
232	1962063.024	628717.0112
	1962065.387	628700.9007
	1962064.638	628700.6328
	1962063.506	628705.4164
	1962062.427	628715.1372
	1962061.721	628727.9301
	1962062.792	628727.8877
	1962062.929	628726.9931
	1962063.492	628720.6352
	1962064.156	628710.2582
	1962064.44	628706.3268
	1962065.069	628702.4573
	1962065.387	628700.9007
END		
233	1962065.681	628673.0031
	1962066.047	628671.4207
	1962065.771	628670.5325
	1962064.421	628670.987
	1962065.342	628674.2413
	1962066.881	628680.5148
	1962066.856	628682.8856
	1962067.361	628682.8856
	1962067.119	628679.5486
	1962067.238	628677.2467
	1962066.047	628671.4207
END		
234	1962066.776	628690.0916
	1962067.361	628682.8856
	1962066.856	628682.8856
	1962066.825	628685.7007
	1962065.937	628688.7171
	1962066.23	628690.8961
	1962064.971	628691.2451
	1962064.611	628692.3141
	1962065.638	628694.452
	1962065.764	628695.1609
	1962064.638	628700.6328
	1962065.387	628700.9007
	1962065.452	628700.5803
	1962066.062	628696.482
	1962067.517	628689.6821
	1962067.492	628684.6797
	1962067.361	628682.8856
END		
235	1962062.906	628662.9111
	1962063.812	628661.9629
	1962063.898	628660.8922
	1962061.323	628661.5996
	1962064.421	628670.987
	1962065.771	628670.5325
	1962065.287	628668.9801
	1962064.821	628665.8687
	1962063.812	628661.9629
END		
236	1962063.416	628659.217
	1962063.944	628653.8323
	1962064.288	628651.1229
	1962063.916	628651.2012
	1962063.016	628656.5725
	1962062.63	628661.2406
	1962063.898	628660.8922
	1962064.235	628656.7374
	1962063.944	628653.8323
END		
237	1962062.254	628659.5057
	1962063.916	628651.2012
	1962063.381	628651.1299
	1962061.323	628661.5996
	1962062.63	628661.2406
	1962063.016	628656.5725
	1962063.916	628651.2012
END		
238	1962063.268	628645.4395
	1962063.917	628647.1275
	1962063.977	628643.999
	1962062.645	628644.9439
	1962062.439	628646.6822
	1962063.916	628651.2012
	1962064.288	628651.1229
	1962063.917	628647.1275
END		
239	1962062.889	628639.9473
	1962063.977	628643.999
	1962064.058	628638.6982
	1962063.658	628638.7442
	1962061.564	628638.9871
	1962062.645	628644.9439
	1962063.977	628643.999
END		
240	1962061.23	628642.0652
	1962062.645	628644.9439
	1962061.564	628638.9871
	1962060.654	628639.0929
	1962060.317	628642.261
	1962062.439	628646.6822
	1962062.645	628644.9439
END		
241	1962059.361	628641.5146
	1962060.317	628642.261
	1962060.654	628639.0929
	1962058.354	628639.3599
	1962058.026	628640.7901
	1962059.444	628644.2191
	1962062.111	628647.8807
	1962063.381	628651.1299
	1962063.916	628651.2012
	1962062.439	628646.6822
	1962060.317	628642.261
END		
242	1962038.774	628815.8267
	1962041.378	628813.6759
	1962041.305	628813.2815
	1962039.96	628814.6824
	1962039.565	628814.9058
	1962038.884	628815.2908
	1962038.104	628815.5941
	1962037.277	628816.7048
	1962036.52	628817.0538
	1962036.356	628817.2467
	1962036.708	628817.5235
	1962037.548	628816.9904
	1962038.012	628816.8474
	1962038.584	628816.6014
	1962039.262	628816.1174
	1962040.931	628814.7534
	1962041.431	628813.9673
	1962041.378	628813.6759
END		
243	1962045.459	628808.9126
	1962045.666	628807.8463
	1962045.265	628807.7298
	1962045.253	628808.2139
	1962044.241	628810.2563
	1962042.289	628812.2565
	1962042	628812.5567
	1962041.305	628813.2815
	1962041.372	628813.6436
	1962041.838	628813.1672
	1962044.246	628811.2686
	1962045.937	628809.099
	1962046.36	628808.0474
	1962045.666	628807.8463
END		
244	1962050.49	628803.5386
	1962052.833	628801.1378
	1962052.372	628800.9315
	1962050.486	628802.8999
	1962048.591	628805.7888
	1962047.511	628806.2098
	1962046.36	628808.0474
	1962045.937	628809.099
	1962044.246	628811.2686
	1962041.838	628813.1672
	1962041.372	628813.6436
	1962041.431	628813.9673
	1962044.494	628811.6206
	1962048.84	628806.1305
	1962052.833	628801.1378
END		
245	1962046.447	628806.5858
	1962052.372	628800.9315
	1962051.79	628800.7391
	1962049.678	628802.7487
	1962048.839	628803.9143
	1962048.905	628804.2423
	1962048.654	628804.8775
	1962047.993	628805.4728
	1962045.717	628806.4649
	1962045.281	628806.9995
	1962045.265	628807.7298
	1962046.36	628808.0474
	1962047.511	628806.2098
	1962048.591	628805.7888
	1962050.486	628802.8999
	1962052.372	628800.9315
END		
246	1962053.28	628799.2068
	1962054.299	628798.4681
	1962053.396	628797.9194
	1962052.57	628799.3767
	1962051.816	628799.423
	1962051.71	628799.5818
	1962051.79	628800.7391
	1962052.372	628800.9315
	1962052.833	628801.1378
	1962054.299	628798.4681
END		
247	1962057.602	628791.2752
	1962058.438	628790.4337
	1962058.287	628789.5465
	1962054.845	628795.3615
	1962053.396	628797.9194
	1962053.842	628798.1904
	1962058.438	628790.4337
END		
248	1962054.91	628796.8612
	1962058.898	628790.7989
	1962058.438	628790.4337
	1962053.842	628798.1904
	1962054.299	628798.4681
	1962057.771	628792.212
	1962058.898	628790.7989
END		
249	1962060.362	628787.2621
	1962068.17	628773.5266
	1962067.7	628773.1151
	1962065.731	628776.6444
	1962062.302	628782.9151
	1962058.827	628788.633
	1962058.287	628789.5465
	1962058.438	628790.4337
	1962058.898	628790.7989
	1962062.507	628784.904
	1962065.444	628779.3477
	1962068.17	628773.5266
END		
250	1962071.093	628768.706
	1962071.985	628768.3382
	1962071.265	628767.5009
	1962068.42	628771.8236
	1962067.7	628773.1151
	1962068.17	628773.5266
	1962071.985	628768.3382
END		
251	1962073.389	628764.0986
	1962074.714	628761.8029
	1962074.045	628761.5475
	1962073.424	628763.1108
	1962072.641	628764.9631
	1962072.704	628765.4603
	1962071.265	628767.5009
	1962071.629	628767.9252
	1962073.019	628765.9303
	1962074.714	628761.8029
END		
252	1962073.511	628765.7241
	1962075.239	628762.0041
	1962074.714	628761.8029
	1962073.019	628765.9303
	1962071.629	628767.9252
	1962071.985	628768.3382
	1962073.8	628766.0574
	1962075.239	628762.0041
END		
253	1962075.526	628759.4557
	1962079.256	628750.6108
	1962078.467	628749.2624
	1962077.858	628751.8023
	1962076.363	628755.7181
	1962074.045	628761.5475
	1962075.239	628762.0041
	1962078.382	628753.4421
	1962079.256	628750.6108
END		
254	1962079.891	628744.1448
	1962080.907	628740.4639
	1962080.628	628740.2612
	1962079.707	628743.6586
	1962078.467	628749.2624
	1962078.881	628749.9701
	1962080.444	628742.9776
	1962080.907	628740.4639
END		
255	1962080.424	628744.5227
	1962081.412	628740.5151
	1962080.907	628740.4639
	1962080.444	628742.9776
	1962078.881	628749.9701
	1962079.256	628750.6108
	1962080.777	628744.4096
	1962081.412	628740.5151
END		
256	1962081.302	628736.0518
	1962081.747	628734.9689
	1962081.08	628734.9488
	1962080.628	628740.2612
	1962080.907	628740.4639
	1962081.693	628735.5834
	1962081.747	628734.9689
END		
257	1962081.633	628732.3535
	1962081.747	628734.9689
	1962082.139	628730.6099
	1962081.297	628731.8803
	1962081.276	628732.6451
	1962081.08	628734.9488
	1962081.747	628734.9689
END		
258	1962082.369	628731.5965
	1962084.25	628727.8255
	1962084.911	628725.6508
	1962084.109	628727.4339
	1962082.937	628729.4038
	1962082.139	628730.6099
	1962081.693	628735.5834
	1962080.907	628740.4639
	1962081.412	628740.5151
	1962082.457	628734.0024
	1962082.583	628731.8471
	1962084.25	628727.8255
END		
259	1962085.215	628712.1677
	1962088.035	628709.6047
	1962088.085	628708.7969
	1962087.926	628708.9688
	1962086.957	628709.2639
	1962085.092	628711.7959
	1962084.509	628713.5927
	1962083.688	628716.2652
	1962084.911	628725.6508
	1962084.487	628721.0208
	1962084.053	628717.0574
	1962083.963	628716.2
	1962084.794	628714.1255
	1962085.633	628711.6572
	1962087.091	628709.6623
	1962088.035	628709.6047
END		
260	1962088.666	628706.287
	1962088.987	628706.7002
	1962089.326	628704.0752
	1962088.612	628704.1222
	1962088.646	628704.5026
	1962088.31	628706.0717
	1962088.085	628708.7969
	1962088.035	628709.6047
	1962089.003	628708.5881
	1962088.673	628708.2471
	1962088.987	628706.7002
END		
261	1962088.97	628699.609
	1962089.443	628697.2171
	1962089.161	628696.6002
	1962088.721	628698.779
	1962088.471	628702.55
	1962088.612	628704.1222
	1962088.955	628704.0996
	1962089.443	628697.2171
END		
262	1962089.407	628700.7625
	1962089.543	628701.9666
	1962089.948	628695.7568
	1962089.33	628695.7648
	1962089.161	628696.6002
	1962089.443	628697.2171
	1962088.955	628704.0996
	1962089.326	628704.0752
	1962089.543	628701.9666
END		
263	1962089.207	628694.484
	1962089.877	628690.3408
	1962089.578	628689.3611
	1962089.221	628690.7986
	1962089.133	628691.7895
	1962088.822	628695.2807
	1962089.33	628695.7648
	1962089.665	628695.7608
	1962089.506	628694.5846
	1962089.621	628693.8122
	1962089.534	628692.3933
	1962089.877	628690.3408
END		
264	1962090.14	628691.4248
	1962090.734	628690.6794
	1962089.877	628690.3408
	1962089.534	628692.3933
	1962089.621	628693.8122
	1962089.506	628694.5846
	1962089.665	628695.7608
	1962089.948	628695.7568
	1962090.406	628692.3199
	1962090.734	628690.6794
END		
265	1962090.824	628687.5488
	1962091.856	628686.7212
	1962092.015	628685.4618
	1962090.33	628686.3247
	1962089.578	628689.3611
	1962089.877	628690.3408
	1962090.734	628690.6794
	1962091.856	628686.7212
END		
266	1962091.413	628683.9333
	1962092.343	628684.0752
	1962092.247	628680.7733
	1962091.683	628680.8397
	1962091.58	628682.0751
	1962090.067	628684.6467
	1962090.886	628686.04
	1962092.015	628685.4618
	1962092.343	628684.0752
END		
267	1962091	628681.9367
	1962091.58	628682.0751
	1962091.683	628680.8397
	1962090.793	628680.9443
	1962089	628685.5709
	1962090.33	628686.3247
	1962090.886	628686.04
	1962090.067	628684.6467
	1962091.58	628682.0751
END		
268	1962091.71	628678.4637
	1962091.576	628674.4495
	1962090.875	628668.6817
	1962089.976	628669.0917
	1962091.166	628676.5268
	1962091.092	628680.9092
	1962092.247	628680.7733
	1962092.304	628677.479
	1962091.576	628674.4495
END		
269	1962090.037	628676.2032
	1962091.166	628676.5268
	1962089.976	628669.0917
	1962088.495	628670.0625
	1962089.078	628677.7691
	1962090.793	628680.9443
	1962091.092	628680.9092
	1962091.166	628676.5268
END		
270	1962089.058	628667.7989
	1962089.976	628669.0917
	1962088.838	628664.4035
	1962088.429	628664.448
	1962088.413	628665.5654
	1962088.495	628670.0625
	1962089.976	628669.0917
END		
271	1962087.295	628659.482
	1962087.711	628660.0058
	1962086.706	628656.1714
	1962086.388	628656.8224
	1962087.167	628660.121
	1962087.937	628662.6856
	1962088.429	628664.448
	1962088.838	628664.4035
	1962087.711	628660.0058
END		
272	1962085.151	628647.6998
	1962085.647	628648.1285
	1962085.414	628645.9668
	1962084.467	628646.0967
	1962085.039	628649.996
	1962085.77	628651.8694
	1962086.371	628654.6315
	1962086.29	628652.6213
	1962085.647	628648.1285
END		
273	1962089.305	628664.4456
	1962087.171	628655.5133
	1962085.943	628645.8611
	1962085.414	628645.9668
	1962085.647	628648.1285
	1962086.29	628652.6213
	1962086.371	628654.6315
	1962086.706	628656.1714
	1962087.711	628660.0058
	1962088.838	628664.4035
	1962089.976	628669.0917
	1962090.875	628668.6817
	1962090.198	628665.9485
	1962087.171	628655.5133
END		
274	1962084.086	628640.2752
	1962084.578	628639.7202
	1962084.235	628636.3942
	1962083.998	628636.421
	1962084.239	628638.3428
	1962083.048	628638.8698
	1962083.683	628640.7617
	1962084.467	628646.0967
	1962085.414	628645.9668
	1962084.578	628639.7202
END		
275	1962085.427	628644.0409
	1962085.943	628645.8611
	1962084.864	628637.8627
	1962084.741	628636.3372
	1962084.235	628636.3942
	1962084.578	628639.7202
	1962085.414	628645.9668
	1962085.943	628645.8611
END		
276	1962024.707	628807.5866
	1962025.256	628807.6725
	1962024.84	628806.6302
	1962024.161	628807.6335
	1962024.91	628808.2242
	1962025.256	628807.6725
END		
277	1962034.392	628798.3469
	1962036.023	628798.5491
	1962036.372	628798.9621
	1962036.39	628798.3419
	1962036.908	628797.7228
	1962035.325	628797.1422
	1962033.443	628798.8058
	1962031.697	628802.0714
	1962031.748	628803.1657
	1962033.887	628799.1799
	1962035.062	628798.1321
	1962036.023	628798.5491
END		
278	1962032.495	628789.8328
	1962035.642	628786.0016
	1962031.61	628790.2001
	1962032.375	628790.7907
	1962035.642	628786.0016
END		
279	1962032.314	628794.9863
	1962036.215	628790.1283
	1962034.447	628792.8622
	1962030.848	628795.5477
	1962029.668	628795.3709
	1962029.259	628795.8068
	1962030.198	628796.439
	1962031.781	628796.1607
	1962035.083	628793.0493
	1962036.967	628789.8
	1962036.861	628789.1755
	1962036.215	628790.1283
END		
280	1962037.698	628786.5637
	1962044.675	628779.2822
	1962043.649	628778.483
	1962040.639	628781.51
	1962036.617	628784.6004
	1962034.153	628785.264
	1962034.861	628785.7111
	1962035.642	628786.0016
	1962036.953	628787.3314
	1962038.221	628788.1919
	1962038.527	628788.5839
	1962040.519	628782.6004
	1962040.878	628782.1136
	1962044.675	628779.2822
END		
END		
