1	1962007.118	628853.9339
	1962007.505	628857.3809
	1962007.668	628853.2888
	1962007.268	628851.9113
	1962006.691	628851.5885
	1962006.511	628853.2131
	1962006.999	628857.4521
	1962007.505	628857.3809
END		
2	1962009.609	628855.762
	1962011.681	628856.7929
	1962011.572	628853.3335
	1962009.566	628853.8494
	1962008.276	628854.5638
	1962007.618	628854.5232
	1962007.505	628857.3809
	1962011.681	628856.7929
END		
3	1962013.266	628855.7301
	1962014.839	628856.3484
	1962014.937	628855.0215
	1962011.638	628855.4216
	1962011.681	628856.7929
	1962014.839	628856.3484
END		
4	1962015.559	628855.5318
	1962016.265	628856.1477
	1962016.173	628854.8898
	1962016.84	628853.1329
	1962017.379	628852.8048
	1962015.982	628852.2651
	1962014.937	628855.0215
	1962014.839	628856.3484
	1962016.265	628856.1477
END		
5	1962019.065	628854.3209
	1962020.422	628855.5624
	1962019.707	628853.3728
	1962018.357	628853.2462
	1962018.064	628853.6851
	1962018.119	628854.2967
	1962017.79	628855.9329
	1962020.422	628855.5624
END		
6	1962017.109	628854.8105
	1962018.357	628853.2462
	1962017.379	628852.8048
	1962016.84	628853.1329
	1962016.173	628854.8898
	1962016.265	628856.1477
	1962017.79	628855.9329
	1962018.119	628854.2967
	1962018.064	628853.6851
	1962018.357	628853.2462
END		
7	1962019.063	628851.7368
	1962018.357	628853.2462
	1962019.707	628853.3728
	1962019.831	628851.4772
	1962019.639	628849.4479
	1962019.209	628849.2828
	1962018.296	628851.2539
	1962018.357	628853.2462
END		
8	1962016.896	628851.0599
	1962018.204	628849.2243
	1962016.822	628848.4424
	1962015.982	628852.2651
	1962017.379	628852.8048
	1962017.674	628849.6794
	1962018.204	628849.2243
END		
9	1962013.431	628854.159
	1962015.982	628852.2651
	1962011.572	628853.3335
	1962011.638	628855.4216
	1962014.937	628855.0215
	1962015.982	628852.2651
END		
10	1962012.591	628851.1381
	1962013.849	628852.7817
	1962013.331	628849.0867
	1962011.553	628847.8449
	1962011.572	628853.3335
	1962013.849	628852.7817
END		
11	1962014.903	628851.6686
	1962016.48	628849.9989
	1962013.596	628850.9792
	1962013.849	628852.7817
	1962015.982	628852.2651
	1962016.48	628849.9989
END		
12	1962014.993	628849.3977
	1962016.822	628848.4424
	1962014.585	628847.0256
	1962013.331	628849.0867
	1962013.596	628850.9792
	1962016.48	628849.9989
	1962016.822	628848.4424
END		
13	1962013.187	628847.1594
	1962014.585	628847.0256
	1962012.466	628845.8746
	1962011.553	628847.8449
	1962013.331	628849.0867
	1962014.585	628847.0256
END		
14	1962010.617	628852.084
	1962012.466	628845.8746
	1962010.923	628845.0221
	1962009.97	628846.7366
	1962009.566	628853.8494
	1962011.572	628853.3335
	1962011.553	628847.8449
	1962012.466	628845.8746
END		
15	1962005.908	628848.4487
	1962006.691	628851.5885
	1962006.859	628851.6826
	1962006.966	628850.9369
	1962006.966	628849.2648
	1962006.685	628848
	1962004.881	628847.6402
	1962005.145	628849.0531
	1962005.373	628849.5029
	1962006.256	628849.8045
	1962006.691	628851.5885
END		
16	1962008.361	628848.8388
	1962010.923	628845.0221
	1962009.426	628845.4574
	1962006.685	628848
	1962006.966	628849.2648
	1962006.966	628850.9369
	1962006.859	628851.6826
	1962007.268	628851.9113
	1962007.668	628853.2888
	1962007.618	628854.5232
	1962008.276	628854.5638
	1962009.566	628853.8494
	1962009.97	628846.7366
	1962010.923	628845.0221
END		
17	1962006.534	628846.9224
	1962008.203	628846.592
	1962005.99	628845.306
	1962004.881	628847.6402
	1962006.685	628848
	1962008.203	628846.592
END		
18	1962006.778	628841.6715
	1962005.99	628845.306
	1962006.175	628845.4135
	1962007.744	628843.5423
	1962007.093	628840.5339
	1962007.54	628838.7073
	1962006.705	628836.0585
	1962006.242	628836.2966
	1962006.216	628842.0116
	1962006.676	628842.7737
	1962005.99	628845.306
END		
19	1962007.183	628845.0955
	1962007.744	628843.5423
	1962006.175	628845.4135
	1962007.41	628846.131
	1962008.144	628844.6531
	1962007.744	628843.5423
END		
20	1962008.313	628843.485
	1962007.744	628843.5423
	1962008.144	628844.6531
	1962008.893	628843.5238
	1962008.123	628842.7062
	1962007.744	628843.5423
END		
21	1962007.904	628841.5685
	1962008.123	628842.7062
	1962008.615	628841.1901
	1962007.162	628840.2526
	1962007.093	628840.5339
	1962007.744	628843.5423
	1962008.123	628842.7062
END		
22	1962009.956	628844.232
	1962010.923	628845.0221
	1962012.615	628842.6586
	1962008.893	628843.5238
	1962008.144	628844.6531
	1962007.41	628846.131
	1962008.203	628846.592
	1962009.426	628845.4574
	1962010.923	628845.0221
END		
23	1962010.525	628841.9937
	1962012.615	628842.6586
	1962012.822	628840.9737
	1962008.615	628841.1901
	1962008.123	628842.7062
	1962008.893	628843.5238
	1962012.615	628842.6586
END		
24	1962013.161	628844.1953
	1962012.615	628842.6586
	1962010.923	628845.0221
	1962012.466	628845.8746
	1962013.619	628846.5005
	1962014.835	628844.4297
	1962014.693	628843.2788
	1962012.615	628842.6586
END		
25	1962016.343	628847.1958
	1962014.309	628845.3259
	1962013.619	628846.5005
	1962014.585	628847.0256
	1962016.822	628848.4424
	1962018.2	628846.7422
	1962016.596	628846.4459
	1962015.389	628846.3506
	1962014.309	628845.3259
END		
26	1962017.816	628848.2314
	1962019.167	628847.0282
	1962018.2	628846.7422
	1962016.822	628848.4424
	1962018.204	628849.2243
	1962019.167	628847.0282
END		
27	1962015.84	628844.3667
	1962014.693	628843.2788
	1962014.835	628844.4297
	1962014.309	628845.3259
	1962015.389	628846.3506
	1962016.596	628846.4459
	1962017.023	628842.9806
	1962014.693	628843.2788
END		
28	1962018.361	628845.4092
	1962017.023	628842.9806
	1962016.596	628846.4459
	1962018.2	628846.7422
	1962019.167	628847.0282
	1962020.076	628845.2587
	1962019.615	628844.068
	1962017.023	628842.9806
END		
29	1962021.513	628844.9619
	1962021.047	628845.1687
	1962020.914	628846.0418
	1962020.024	628847.4251
	1962019.209	628849.2828
	1962019.639	628849.4479
	1962021.235	628846.7774
	1962022.068	628844.5231
	1962021.52	628843.8405
	1962021.047	628845.1687
END		
30	1962014.615	628841.9167
	1962017.023	628842.9806
	1962015.566	628839.8735
	1962012.822	628840.9737
	1962012.615	628842.6586
	1962014.693	628843.2788
	1962017.023	628842.9806
END		
31	1962017.107	628841.328
	1962015.964	628840.7233
	1962017.023	628842.9806
	1962018.596	628840.2262
	1962015.964	628840.7233
END		
32	1962020.4	628845.7216
	1962021.52	628843.8405
	1962019.615	628844.068
	1962020.076	628845.2587
	1962019.167	628847.0282
	1962018.204	628849.2243
	1962017.674	628849.6794
	1962017.379	628852.8048
	1962018.357	628853.2462
	1962018.296	628851.2539
	1962019.209	628849.2828
	1962020.024	628847.4251
	1962020.914	628846.0418
	1962021.047	628845.1687
	1962021.52	628843.8405
END		
33	1962019.754	628841.8674
	1962021.444	628840.1142
	1962020.638	628838.5664
	1962020.321	628839.1652
	1962018.596	628840.2262
	1962017.023	628842.9806
	1962019.615	628844.068
	1962021.52	628843.8405
	1962021.98	628842.4241
	1962021.444	628840.1142
END		
34	1962021.124	628836.5909
	1962020.638	628838.5664
	1962021.444	628840.1142
	1962021.98	628842.4241
	1962021.52	628843.8405
	1962022.068	628844.5231
	1962022.581	628844.4339
	1962022.654	628842.7538
	1962022.264	628840.6636
	1962021.325	628837.5811
	1962021.774	628836.7087
	1962021.116	628834.6078
	1962020.401	628834.6211
	1962020.134	628834.7322
	1962020.745	628836.1768
	1962020.237	628837.0738
	1962020.638	628838.5664
END		
35	1962019.944	628836.0227
	1962020.134	628834.7322
	1962019.075	628834.4461
	1962018.246	628834.462
	1962019.052	628835.3589
	1962019.335	628836.5535
	1962020.237	628837.0738
	1962020.745	628836.1768
	1962020.134	628834.7322
END		
36	1962017.94	628835.4213
	1962019.052	628835.3589
	1962018.246	628834.462
	1962017.538	628835.1071
	1962016.743	628835.3665
	1962017.496	628835.9406
	1962017.821	628836.2647
	1962018.927	628836.8742
	1962019.179	628837.651
	1962020.169	628839.2585
	1962020.321	628839.1652
	1962020.638	628838.5664
	1962020.237	628837.0738
	1962019.335	628836.5535
	1962019.052	628835.3589
END		
37	1962018.657	628838.7847
	1962018.927	628836.8742
	1962017.821	628836.2647
	1962017.958	628837.0458
	1962018.008	628838.0196
	1962017.402	628838.8307
	1962017.333	628840.4647
	1962018.596	628840.2262
	1962020.169	628839.2585
	1962019.179	628837.651
	1962018.927	628836.8742
END		
38	1962016.486	628839.9878
	1962018.008	628838.0196
	1962017.958	628837.0458
	1962015.934	628838.1968
	1962016.344	628838.7127
	1962015.566	628839.8735
	1962015.964	628840.7233
	1962017.333	628840.4647
	1962017.402	628838.8307
	1962018.008	628838.0196
END		
39	1962014.663	628839.1984
	1962015.934	628838.1968
	1962013.215	628838.4746
	1962013.502	628840.7009
	1962015.566	628839.8735
	1962016.344	628838.7127
	1962015.934	628838.1968
END		
40	1962011.751	628840.0361
	1962013.215	628838.4746
	1962013.364	628836.0656
	1962011.964	628835.4706
	1962012.069	628838.0294
	1962009.893	628840.2321
	1962008.861	628841.1774
	1962012.822	628840.9737
	1962013.502	628840.7009
	1962013.215	628838.4746
END		
41	1962012.086	628834.69
	1962011.964	628835.4706
	1962013.093	628834.7375
	1962012.736	628833.7373
	1962012.22	628833.5191
	1962010.842	628834.9558
	1962011.964	628835.4706
END		
42	1962010.489	628836.8377
	1962011.964	628835.4706
	1962010.842	628834.9558
	1962010.189	628834.5748
	1962009.065	628835.4214
	1962008.827	628838.6097
	1962009.893	628840.2321
	1962012.069	628838.0294
	1962011.964	628835.4706
END		
43	1962008.526	628840.2981
	1962009.057	628838.9602
	1962008.298	628839.7446
	1962007.28	628839.7707
	1962007.162	628840.2526
	1962008.615	628841.1901
	1962008.861	628841.1774
	1962009.893	628840.2321
	1962009.057	628838.9602
END		
44	1962008.221	628838.7336
	1962008.827	628838.6097
	1962008.933	628837.1781
	1962007.921	628837.7895
	1962007.208	628837.6543
	1962007.54	628838.7073
	1962007.28	628839.7707
	1962008.298	628839.7446
	1962009.057	628838.9602
	1962008.827	628838.6097
END		
45	1962007.364	628835.2504
	1962008.476	628837.4545
	1962007.491	628831.6919
	1962007.024	628831.4417
	1962006.977	628832.618
	1962006.458	628833.4461
	1962006.705	628836.0585
	1962007.208	628837.6543
	1962007.921	628837.7895
	1962008.476	628837.4545
END		
46	1962008.189	628832.4991
	1962009.065	628835.4214
	1962008.228	628833.6415
	1962009.315	628831.2602
	1962007.491	628831.6919
	1962008.476	628837.4545
	1962008.933	628837.1781
	1962009.065	628835.4214
END		
47	1962009.234	628833.7569
	1962010.189	628834.5748
	1962010.181	628832.0159
	1962009.315	628831.2602
	1962008.228	628833.6415
	1962009.065	628835.4214
	1962010.189	628834.5748
END		
48	1962012.076	628832.7891
	1962012.736	628833.7373
	1962014.732	628832.2019
	1962013.902	628831.3447
	1962010.181	628832.0159
	1962010.189	628834.5748
	1962010.842	628834.9558
	1962012.22	628833.5191
	1962012.736	628833.7373
END		
49	1962013.879	628834.711
	1962014.453	628838.3481
	1962015.147	628836.8163
	1962014.639	628836.2766
	1962014.732	628832.2019
	1962012.736	628833.7373
	1962013.093	628834.7375
	1962011.964	628835.4706
	1962013.364	628836.0656
	1962013.215	628838.4746
	1962014.453	628838.3481
END		
50	1962015.296	628837.7354
	1962015.934	628838.1968
	1962015.729	628836.8798
	1962015.147	628836.8163
	1962014.453	628838.3481
	1962015.934	628838.1968
END		
51	1962016.438	628836.2012
	1962015.454	628836.8497
	1962015.729	628836.8798
	1962016.345	628837.1246
	1962017.496	628835.9406
	1962016.021	628834.8161
	1962015.454	628836.8497
END		
52	1962017.27	628836.8431
	1962017.958	628837.0458
	1962017.821	628836.2647
	1962017.496	628835.9406
	1962016.345	628837.1246
	1962015.729	628836.8798
	1962015.934	628838.1968
	1962017.958	628837.0458
END		
53	1962016.94	628834.8281
	1962017.924	628834.755
	1962017.226	628834.0205
	1962016.021	628834.8161
	1962016.743	628835.3665
	1962017.538	628835.1071
	1962017.924	628834.755
END		
54	1962016.559	628833.7037
	1962017.226	628834.0205
	1962016.498	628832.9622
	1962015.672	628834.5431
	1962016.021	628834.8161
	1962017.226	628834.0205
END		
55	1962018.341	628833.6642
	1962020.134	628834.7322
	1962018.365	628832.9371
	1962017.226	628834.0205
	1962017.924	628834.755
	1962018.246	628834.462
	1962019.075	628834.4461
	1962020.134	628834.7322
END		
56	1962017.117	628831.6183
	1962018.365	628832.9371
	1962018.298	628832.4542
	1962018.044	628832.1367
	1962017.67	628830.5889
	1962016.098	628830.0168
	1962016.498	628832.9622
	1962017.226	628834.0205
	1962018.365	628832.9371
END		
57	1962018.133	628830.3793
	1962017.67	628830.5889
	1962018.044	628832.1367
	1962018.298	628832.4542
	1962018.66	628829.6522
	1962017.898	628828.996
	1962017.67	628830.5889
END		
58	1962018.769	628832.5292
	1962020.401	628834.6211
	1962019.763	628833.9398
	1962019.175	628833.0932
	1962019.327	628832.5904
	1962018.359	628831.9785
	1962018.298	628832.4542
	1962018.365	628832.9371
	1962020.134	628834.7322
	1962020.401	628834.6211
END		
59	1962017.791	628827.3106
	1962017.898	628828.996
	1962018.081	628829.1537
	1962018.538	628827.603
	1962018.558	628824.5458
	1962017.1	628825.7489
	1962017.022	628827.857
	1962017.898	628828.996
END		
60	1962017.02	628829.3605
	1962017.581	628828.5831
	1962016.316	628828.5416
	1962016.098	628830.0168
	1962017.67	628830.5889
	1962017.898	628828.996
	1962017.581	628828.5831
END		
61	1962016.622	628825.8098
	1962017.866	628825.1164
	1962016.103	628825.1271
	1962016.316	628828.5416
	1962017.581	628828.5831
	1962017.022	628827.857
	1962017.1	628825.7489
	1962017.866	628825.1164
END		
62	1962015.591	628832.6764
	1962016.318	628831.6331
	1962014.732	628832.2019
	1962014.639	628836.2766
	1962015.147	628836.8163
	1962015.454	628836.8497
	1962016.021	628834.8161
	1962015.672	628834.5431
	1962016.498	628832.9622
	1962016.318	628831.6331
END		
63	1962015.103	628831.3279
	1962016.098	628830.0168
	1962013.902	628831.3447
	1962014.732	628832.2019
	1962016.318	628831.6331
	1962016.098	628830.0168
END		
64	1962013.767	628828.6776
	1962015.239	628830.536
	1962014.267	628826.8996
	1962012.314	628827.5346
	1962013.902	628831.3447
	1962015.239	628830.536
END		
65	1962015.274	628827.1042
	1962016.103	628825.1271
	1962016.409	628822.0517
	1962015.263	628821.9565
	1962014.267	628826.8996
	1962015.239	628830.536
	1962016.098	628830.0168
	1962016.316	628828.5416
	1962016.103	628825.1271
END		
66	1962012.336	628830.661
	1962012.929	628829.0087
	1962010.939	628830.4166
	1962011.585	628831.7625
	1962013.902	628831.3447
	1962012.929	628829.0087
END		
67	1962010.526	628831.502
	1962011.296	628831.1594
	1962009.315	628831.2602
	1962010.181	628832.0159
	1962011.585	628831.7625
	1962011.296	628831.1594
END		
68	1962008.918	628830.8843
	1962010.707	628831.1894
	1962009.158	628830.346
	1962007.012	628831.1323
	1962007.024	628831.4417
	1962007.491	628831.6919
	1962009.02	628831.3301
	1962009.315	628831.2602
	1962010.707	628831.1894
END		
69	1962009.874	628830.0034
	1962010.939	628830.4166
	1962010.56	628829.2127
	1962010.061	628829.475
	1962009.169	628829.4041
	1962008.909	628830.0806
	1962009.158	628830.346
	1962010.353	628830.9966
	1962010.707	628831.1894
	1962011.296	628831.1594
	1962010.939	628830.4166
END		
70	1962011.785	628828.6874
	1962012.314	628827.5346
	1962011.16	628827.7549
	1962010.56	628829.2127
	1962010.939	628830.4166
	1962012.929	628829.0087
	1962012.314	628827.5346
END		
71	1962010.438	628828.3465
	1962011.16	628827.7549
	1962009.764	628827.6623
	1962010.256	628829.3729
	1962010.56	628829.2127
	1962011.16	628827.7549
END		
72	1962009.195	628828.2571
	1962009.764	628827.6623
	1962008.716	628826.4301
	1962008.357	628828.946
	1962009.169	628829.4041
	1962010.061	628829.475
	1962010.256	628829.3729
	1962009.764	628827.6623
END		
73	1962006.243	628833.098
	1962007.012	628831.1323
	1962006.719	628830.9656
	1962006.616	628832.5055
	1962005.785	628832.831
	1962006.06	628835.7626
	1962006.242	628836.2966
	1962006.705	628836.0585
	1962006.458	628833.4461
	1962006.977	628832.618
	1962007.024	628831.4417
	1962007.012	628831.1323
END		
74	1962007.389	628830.4052
	1962008.779	628830.4848
	1962007.346	628829.8067
	1962006.798	628829.3146
	1962005.727	628829.4337
	1962005.393	628829.6162
	1962006.719	628830.9656
	1962007.012	628831.1323
	1962008.779	628830.4848
END		
75	1962007.75	628829.0706
	1962008.572	628827.4385
	1962007.989	628826.9492
	1962006.798	628829.3146
	1962007.346	628829.8067
	1962008.779	628830.4848
	1962009.158	628830.346
	1962008.909	628830.0806
	1962009.169	628829.4041
	1962008.357	628828.946
	1962008.572	628827.4385
END		
76	1962006.039	628825.209
	1962007.989	628826.9492
	1962006.856	628826.1118
	1962006.37	628823.5612
	1962006.565	628821.9684
	1962005.623	628821.8837
	1962005.157	628823.3458
	1962005.533	628826.3182
	1962007.749	628827.4259
	1962007.989	628826.9492
END		
77	1962007.62	628825.4217
	1962008.716	628826.4301
	1962008.247	628824.0771
	1962006.517	628824.3323
	1962006.856	628826.1118
	1962007.989	628826.9492
	1962008.572	628827.4385
	1962008.716	628826.4301
END		
78	1962007.209	628822.9139
	1962007.676	628824.1614
	1962008.176	628822.0372
	1962006.565	628821.9684
	1962006.37	628823.5612
	1962006.517	628824.3323
	1962007.676	628824.1614
END		
79	1962008.954	628821.9439
	1962008.247	628824.0771
	1962009.208	628823.2834
	1962010.216	628820.4893
	1962008.866	628820.4655
	1962008.176	628822.0372
	1962007.676	628824.1614
	1962008.247	628824.0771
END		
80	1962009.076	628825.8709
	1962008.802	628823.6189
	1962008.247	628824.0771
	1962008.716	628826.4301
	1962009.517	628827.3722
	1962009.61	628825.9927
	1962009.127	628825.0468
	1962008.802	628823.6189
END		
81	1962009.599	628824.6361
	1962008.858	628823.8678
	1962009.127	628825.0468
	1962009.61	628825.9927
	1962009.517	628827.3722
	1962009.764	628827.6623
	1962010.475	628827.7095
	1962010.114	628824.1366
	1962008.858	628823.8678
END		
82	1962011.337	628826.9362
	1962012.314	628827.5346
	1962012.201	628825.7083
	1962010.33	628826.2771
	1962010.475	628827.7095
	1962011.16	628827.7549
	1962012.314	628827.5346
END		
83	1962008.086	628818.2271
	1962009.028	628818.1156
	1962009.053	628817.2406
	1962009.672	628816.3
	1962009.961	628815.486
	1962009.564	628812.6152
	1962009.049	628812.6946
	1962008.539	628815.3537
	1962006.086	628820.5528
	1962005.623	628821.8837
	1962006.565	628821.9684
	1962008.506	628819.5871
	1962009.028	628818.1156
END		
84	1962009.36	628819.6842
	1962009.696	628818.5147
	1962009.028	628818.1156
	1962008.506	628819.5871
	1962006.565	628821.9684
	1962008.176	628822.0372
	1962008.866	628820.4655
	1962010.216	628820.4893
	1962010.358	628819.812
	1962009.696	628818.5147
END		
85	1962011.248	628824.4863
	1962012.201	628825.7083
	1962012.666	628821.8002
	1962011.301	628822.0768
	1962010.114	628824.1366
	1962010.33	628826.2771
	1962012.201	628825.7083
END		
86	1962013.446	628825.1308
	1962015.263	628821.9565
	1962014.413	628821.5252
	1962014.012	628823.6485
	1962012.366	628824.3174
	1962012.201	628825.7083
	1962012.314	628827.5346
	1962014.267	628826.8996
	1962015.263	628821.9565
END		
87	1962013.384	628822.642
	1962014.413	628821.5252
	1962012.666	628821.8002
	1962012.366	628824.3174
	1962014.012	628823.6485
	1962014.413	628821.5252
END		
88	1962013.941	628819.6412
	1962012.356	628821.863
	1962012.666	628821.8002
	1962014.413	628821.5252
	1962015.263	628821.9565
	1962015.729	628821.9952
	1962015.306	628818.5232
	1962015.782	628816.9992
	1962014.239	628816.1101
	1962012.556	628816.515
	1962012.356	628821.863
END		
89	1962009.881	628823.3127
	1962011.301	628822.0768
	1962009.533	628822.3816
	1962009.208	628823.2834
	1962008.802	628823.6189
	1962008.858	628823.8678
	1962010.114	628824.1366
	1962011.301	628822.0768
END		
90	1962010.459	628821.5907
	1962011.139	628822.1048
	1962011.005	628820.4044
	1962010.216	628820.4893
	1962009.533	628822.3816
	1962011.139	628822.1048
END		
91	1962010.683	628819.2461
	1962011.005	628820.4044
	1962011.524	628819.6596
	1962010.841	628818.4173
	1962009.963	628819.0389
	1962010.358	628819.812
	1962010.216	628820.4893
	1962011.005	628820.4044
END		
92	1962011.721	628821.0572
	1962012.445	628819.4857
	1962011.524	628819.6596
	1962011.005	628820.4044
	1962011.139	628822.1048
	1962011.301	628822.0768
	1962012.356	628821.863
	1962012.445	628819.4857
END		
93	1962010.255	628818.2757
	1962010.841	628818.4173
	1962010.467	628817.7334
	1962010.777	628816.1723
	1962010.416	628815.2231
	1962009.83	628817.8756
	1962009.696	628818.5147
	1962009.963	628819.0389
	1962010.841	628818.4173
END		
94	1962009.464	628817.6288
	1962010.088	628816.7105
	1962009.672	628816.3
	1962009.053	628817.2406
	1962009.028	628818.1156
	1962009.696	628818.5147
	1962009.83	628817.8756
	1962010.088	628816.7105
END		
95	1962011.76	628817.7081
	1962012.556	628816.515
	1962011.334	628816.4071
	1962011.008	628817.693
	1962011.05	628818.7986
	1962011.524	628819.6596
	1962012.445	628819.4857
	1962012.556	628816.515
END		
96	1962016.933	628823.897
	1962018.012	628823.1333
	1962016.409	628822.0517
	1962016.103	628825.1271
	1962017.491	628825.1187
	1962017.639	628823.9016
	1962018.012	628823.1333
END		
97	1962017.356	628821.8604
	1962017.991	628821.4224
	1962016.898	628821.0458
	1962016.409	628822.0517
	1962018.012	628823.1333
	1962017.639	628823.9016
	1962017.491	628825.1187
	1962017.866	628825.1164
	1962018.558	628824.5458
	1962018.052	628823.9968
	1962018.856	628822.6423
	1962018.422	628822.2876
	1962017.991	628821.4224
END		
98	1962016.082	628819.2289
	1962016.898	628821.0458
	1962016.242	628820.7106
	1962017.009	628818.5675
	1962015.306	628818.5232
	1962015.729	628821.9952
	1962016.409	628822.0517
	1962016.898	628821.0458
END		
99	1962016.552	628817.5838
	1962015.782	628816.9992
	1962015.306	628818.5232
	1962017.009	628818.5675
	1962017.806	628816.9866
	1962016.705	628816.1082
	1962015.782	628816.9992
END		
100	1962018.003	628818.6947
	1962017.806	628816.9866
	1962017.009	628818.5675
	1962016.242	628820.7106
	1962016.898	628821.0458
	1962017.511	628821.2569
	1962019.467	628817.9814
	1962017.806	628816.9866
END		
101	1962019.11	628816.5939
	1962017.806	628816.9866
	1962019.467	628817.9814
	1962019.875	628817.7116
	1962020.446	628816.685
	1962018.975	628815.6689
	1962018.097	628815.8383
	1962017.806	628816.9866
END		
102	1962018.063	628815.1021
	1962018.975	628815.6689
	1962019.256	628814.6476
	1962017.358	628813.8457
	1962016.705	628816.1082
	1962017.806	628816.9866
	1962018.097	628815.8383
	1962018.975	628815.6689
END		
103	1962011.084	628815.1126
	1962011.334	628816.4071
	1962011.823	628814.8223
	1962011.696	628812.6553
	1962010.659	628813.7051
	1962010.416	628815.2231
	1962010.777	628816.1723
	1962010.467	628817.7334
	1962010.841	628818.4173
	1962011.05	628818.7986
	1962011.008	628817.693
	1962011.334	628816.4071
END		
104	1962012.786	628815.6356
	1962014.239	628816.1101
	1962012.226	628812.1181
	1962011.696	628812.6553
	1962011.823	628814.8223
	1962011.334	628816.4071
	1962012.556	628816.515
	1962014.239	628816.1101
END		
105	1962014.746	628813.8504
	1962016.452	628813.9097
	1962014.401	628811.8159
	1962012.226	628812.1181
	1962014.239	628816.1101
	1962015.277	628816.7079
	1962015.614	628816.9023
	1962015.823	628814.677
	1962016.452	628813.9097
END		
106	1962015.876	628812.6534
	1962014.401	628811.8159
	1962016.452	628813.9097
	1962016.561	628812.1872
	1962014.401	628811.8159
END		
107	1962016.395	628815.0744
	1962017.086	628814.7859
	1962016.819	628814.2642
	1962016.911	628813.4374
	1962016.739	628812.2071
	1962016.561	628812.1872
	1962016.452	628813.9097
	1962015.823	628814.677
	1962015.614	628816.9023
	1962015.782	628816.9992
	1962016.705	628816.1082
	1962017.086	628814.7859
END		
108	1962018.037	628809.805
	1962017.358	628813.8457
	1962017.258	628812.5934
	1962017.769	628811.3776
	1962018.901	628808.6629
	1962018.504	628808.5597
	1962017.52	628809.0519
	1962017.703	628810.1155
	1962016.739	628812.2071
	1962016.911	628813.4374
	1962016.819	628814.2642
	1962017.086	628814.7859
	1962017.358	628813.8457
END		
109	1962016.929	628809.0693
	1962018.504	628808.5597
	1962017.154	628806.9775
	1962017.322	628808.1192
	1962016.482	628808.2713
	1962016.316	628809.0452
	1962017.14	628810.1341
	1962016.687	628811.1686
	1962016.385	628812.157
	1962016.561	628812.1872
	1962016.739	628812.2071
	1962017.703	628810.1155
	1962017.52	628809.0519
	1962018.504	628808.5597
END		
110	1962016.535	628807.5094
	1962017.154	628806.9775
	1962016.825	628804.411
	1962016.177	628807.1363
	1962015.185	628808.2277
	1962016.17	628810.6023
	1962015.33	628811.9756
	1962016.385	628812.157
	1962016.687	628811.1686
	1962017.14	628810.1341
	1962016.316	628809.0452
	1962016.482	628808.2713
	1962017.322	628808.1192
	1962017.154	628806.9775
END		
111	1962014.401	628806.0303
	1962016.825	628804.411
	1962017.002	628800.6367
	1962017.889	628798.0781
	1962014.026	628797.1124
	1962012.71	628802.0139
	1962013.261	628803.7734
	1962012.499	628805.0751
	1962011.99	628808.6523
	1962013.366	628811.9597
	1962014.401	628811.8159
	1962015.33	628811.9756
	1962016.17	628810.6023
	1962015.185	628808.2277
	1962016.177	628807.1363
	1962016.825	628804.411
END		
112	1962018.384	628813.261
	1962017.358	628813.8457
	1962019.256	628814.6476
	1962018.591	628812.7428
	1962019.205	628809.7308
	1962020.131	628808.183
	1962020.702	628807.7146
	1962019.575	628807.8655
	1962018.607	628810.1435
	1962018.003	628813.2551
	1962017.358	628813.8457
END		
113	1962017.692	628812.6497
	1962019.575	628807.8655
	1962019.186	628807.921
	1962018.901	628808.6629
	1962017.769	628811.3776
	1962017.258	628812.5934
	1962017.358	628813.8457
	1962018.003	628813.2551
	1962018.607	628810.1435
	1962019.575	628807.8655
END		
114	1962018.526	628807.8777
	1962019.186	628807.921
	1962017.464	628806.6113
	1962017.697	628805.0979
	1962016.867	628804.7369
	1962017.154	628806.9775
	1962018.504	628808.5597
	1962018.901	628808.6629
	1962019.186	628807.921
END		
115	1962021.886	628805.2228
	1962020.702	628807.7146
	1962021.047	628807.4884
	1962020.927	628806.688
	1962022.078	628805.9472
	1962023.884	628801.3302
	1962023.453	628801.2587
	1962021.659	628804.9259
	1962020.245	628806.6166
	1962019.575	628807.8655
	1962020.702	628807.7146
END		
116	1962019.047	628806.2271
	1962020.899	628805.8342
	1962017.697	628805.0979
	1962017.464	628806.6113
	1962019.186	628807.921
	1962019.575	628807.8655
	1962020.245	628806.6166
	1962020.899	628805.8342
END		
117	1962020.898	628805.0168
	1962022.185	628803.8504
	1962021.463	628803.7907
	1962020.408	628804.7043
	1962019.854	628805.5939
	1962020.899	628805.8342
	1962021.659	628804.9259
	1962022.185	628803.8504
END		
118	1962019.215	628804.5224
	1962021.463	628803.7907
	1962018.131	628802.9151
	1962017.697	628805.0979
	1962019.854	628805.5939
	1962020.408	628804.7043
	1962021.463	628803.7907
END		
119	1962018.96	628799.0872
	1962018.131	628802.9151
	1962021.264	628797.5846
	1962017.889	628798.0781
	1962017.002	628800.6367
	1962016.825	628804.411
	1962016.867	628804.7369
	1962017.697	628805.0979
	1962018.131	628802.9151
END		
120	1962019.576	628802.295
	1962021.264	628797.5846
	1962018.131	628802.9151
	1962020.252	628803.4726
	1962021.759	628799.0821
	1962021.839	628798.2698
	1962021.264	628797.5846
END		
121	1962021.292	628802.6954
	1962021.839	628798.2698
	1962021.759	628799.0821
	1962020.252	628803.4726
	1962021.463	628803.7907
	1962021.597	628803.8018
	1962022.029	628802.9681
	1962022.212	628801.5732
	1962022.985	628800.245
	1962022.736	628799.1126
	1962021.839	628798.2698
END		
122	1962024.948	628799.3342
	1962023.453	628801.2587
	1962023.884	628801.3302
	1962024.554	628799.7134
	1962026.335	628798.8842
	1962026.719	628796.3706
	1962029.047	628791.952
	1962029.794	628791.7272
	1962028.848	628791.3501
	1962028.253	628793.0369
	1962026.56	628796.2476
	1962025.999	628798.7718
	1962024.448	628799.3644
	1962023.453	628801.2587
END		
123	1962022.72	628801.6872
	1962023.877	628800.4514
	1962022.985	628800.245
	1962022.212	628801.5732
	1962022.029	628802.9681
	1962021.597	628803.8018
	1962022.185	628803.8504
	1962023.453	628801.2587
	1962023.877	628800.4514
END		
124	1962025.021	628797.3589
	1962030.095	628785.8794
	1962028.244	628785.2734
	1962027.177	628789.6431
	1962026.99	628790.548
	1962026.752	628792.2414
	1962024.218	628797.3213
	1962023.788	628798.2143
	1962022.736	628799.1126
	1962022.985	628800.245
	1962023.569	628800.3802
	1962023.537	628799.2012
	1962024.85	628798.76
	1962025.457	628798.6138
	1962026.372	628795.6293
	1962028.042	628790.9217
	1962028.592	628788.7846
	1962029.366	628788.7118
	1962030.095	628785.8794
END		
125	1962027.846	628792.8277
	1962028.848	628791.3501
	1962028.042	628790.9217
	1962026.372	628795.6293
	1962025.457	628798.6138
	1962024.85	628798.76
	1962023.537	628799.2012
	1962023.569	628800.3802
	1962023.877	628800.4514
	1962024.448	628799.3644
	1962025.02	628799.1459
	1962025.999	628798.7718
	1962026.56	628796.2476
	1962028.253	628793.0369
	1962028.848	628791.3501
END		
126	1962023.16	628797.5325
	1962024.281	628797.1953
	1962022.723	628796.4791
	1962021.839	628798.2698
	1962022.736	628799.1126
	1962023.788	628798.2143
	1962024.218	628797.3213
	1962024.281	628797.1953
END		
127	1962021.613	628796.862
	1962022.723	628796.4791
	1962021.195	628795.9234
	1962020.223	628797.7369
	1962021.264	628797.5846
	1962021.839	628798.2698
	1962022.723	628796.4791
END		
128	1962018.862	628795.0461
	1962021.195	628795.9234
	1962019.54	628790.4981
	1962016.831	628792.964
	1962016.75	628797.7935
	1962017.889	628798.0781
	1962020.223	628797.7369
	1962021.195	628795.9234
END		
129	1962015.575	628795.8617
	1962016.831	628792.964
	1962014.916	628793.8609
	1962014.026	628797.1124
	1962016.75	628797.7935
	1962016.831	628792.964
END		
130	1962011.723	628805.4423
	1962013.261	628803.7734
	1962011.058	628804.2217
	1962010.793	628809.7251
	1962012.226	628812.1181
	1962013.366	628811.9597
	1962011.99	628808.6523
	1962012.499	628805.0751
	1962013.261	628803.7734
END		
131	1962010.307	628807.575
	1962011.058	628804.2217
	1962010.486	628806.7578
	1962009.661	628807.1944
	1962010.138	628810.435
	1962011.575	628811.9651
	1962011.746	628812.6048
	1962012.226	628812.1181
	1962010.793	628809.7251
	1962011.058	628804.2217
END		
132	1962011.049	628812.3566
	1962011.098	628811.4577
	1962010.315	628812.4943
	1962010.659	628813.7051
	1962011.696	628812.6553
	1962011.746	628812.6048
	1962011.575	628811.9651
	1962011.098	628811.4577
END		
133	1962010.18	628811.833
	1962010.315	628812.4943
	1962011.098	628811.4577
	1962010.349	628810.6598
	1962009.369	628812.0908
	1962009.564	628812.6152
	1962010.315	628812.4943
END		
134	1962010.11	628813.3375
	1962010.315	628812.4943
	1962009.564	628812.6152
	1962009.961	628815.486
	1962009.672	628816.3
	1962010.088	628816.7105
	1962010.416	628815.2231
	1962010.659	628813.7051
	1962010.315	628812.4943
END		
135	1962009.715	628810.8602
	1962010.136	628810.4186
	1962008.99	628809.0143
	1962009.369	628812.0908
	1962010.349	628810.6598
	1962010.138	628810.435
	1962010.136	628810.4186
END		
136	1962008.873	628811.2225
	1962008.99	628809.0143
	1962008.757	628809.0457
	1962008.414	628809.7625
	1962008.509	628811.7733
	1962009.049	628812.6946
	1962009.564	628812.6152
	1962009.369	628812.0908
	1962008.99	628809.0143
END		
137	1962010.132	628804.3212
	1962008.99	628809.0143
	1962009.213	628807.1596
	1962009.17	628806.596
	1962009.65	628805.9412
	1962009.82	628805.0482
	1962010.261	628804.433
	1962010.301	628804.1155
	1962010.038	628803.7063
	1962009.323	628803.1401
	1962009.265	628803.2353
	1962010.117	628804.0979
	1962009.582	628805.0292
	1962009.392	628806.0346
	1962009.053	628806.4792
	1962008.98	628807.9788
	1962008.757	628809.0457
	1962008.99	628809.0143
END		
138	1962010.294	628805.8579
	1962011.058	628804.2217
	1962010.183	628802.8175
	1962009.697	628803.0349
	1962010.627	628804.3415
	1962009.398	628806.902
	1962009.436	628808.8818
	1962010.136	628810.4186
	1962009.661	628807.1944
	1962010.486	628806.7578
	1962011.058	628804.2217
END		
139	1962009.231	628808.9419
	1962009.697	628803.0349
	1962009.323	628803.1401
	1962010.038	628803.7063
	1962010.301	628804.1155
	1962010.261	628804.433
	1962009.82	628805.0482
	1962009.65	628805.9412
	1962009.17	628806.596
	1962009.213	628807.1596
	1962008.99	628809.0143
	1962010.136	628810.4186
	1962009.436	628808.8818
	1962009.398	628806.902
	1962010.627	628804.3415
	1962009.697	628803.0349
END		
140	1962011.738	628803.1711
	1962012.71	628802.0139
	1962011.427	628801.5951
	1962010.183	628802.8175
	1962011.058	628804.2217
	1962013.261	628803.7734
	1962012.71	628802.0139
END		
141	1962007.671	628795.4388
	1962009.697	628803.0349
	1962008.118	628801.8332
	1962007.131	628799.6795
	1962007.629	628799.1715
	1962006.927	628798.6397
	1962006.753	628797.5522
	1962007.166	628796.5044
	1962008.523	628794.9487
	1962008.832	628793.004
	1962008.65	628790.8211
	1962008.33	628789.2103
	1962008.719	628786.2031
	1962007.975	628783.8471
	1962007.311	628783.744
	1962008.366	628785.4228
	1962007.811	628789.1852
	1962008.516	628792.0602
	1962008.427	628793.6183
	1962006.177	628797.091
	1962007.088	628801.5638
	1962009.265	628803.2353
	1962009.323	628803.1401
	1962009.697	628803.0349
END		
142	1962007.519	628797.8105
	1962008.349	628799.1081
	1962008.164	628796.8485
	1962007.166	628796.5044
	1962006.753	628797.5522
	1962006.927	628798.6397
	1962007.629	628799.1715
	1962007.131	628799.6795
	1962008.118	628801.8332
	1962009.697	628803.0349
	1962008.349	628799.1081
END		
143	1962009.046	628798.3904
	1962010.267	628796.5878
	1962010.219	628795.294
	1962008.164	628796.8485
	1962008.349	628799.1081
	1962009.697	628803.0349
	1962010.183	628802.8175
	1962011.427	628801.5951
	1962010.041	628801.4231
	1962009.358	628800.2563
	1962009.644	628798.9942
	1962010.267	628796.5878
END		
144	1962010.607	628799.0442
	1962010.219	628795.294
	1962010.267	628796.5878
	1962009.644	628798.9942
	1962009.358	628800.2563
	1962010.041	628801.4231
	1962011.427	628801.5951
	1962011.679	628797.4007
	1962010.885	628795.2179
	1962010.219	628795.294
END		
145	1962008.422	628796.4308
	1962010.044	628795.4263
	1962009.378	628794.7598
	1962009.343	628795.5447
	1962007.751	628796.7061
	1962008.164	628796.8485
	1962010.044	628795.4263
END		
146	1962008.795	628795.2783
	1962009.378	628794.7598
	1962009.478	628794.0312
	1962009.219	628793.2242
	1962009.357	628790.2457
	1962009.757	628789.6455
	1962008.401	628789.567
	1962008.65	628790.8211
	1962008.832	628793.004
	1962008.523	628794.9487
	1962007.166	628796.5044
	1962007.751	628796.7061
	1962009.343	628795.5447
	1962009.378	628794.7598
END		
147	1962009.513	628791.9578
	1962010.219	628795.294
	1962009.72	628794.8554
	1962009.498	628793.383
	1962009.556	628792.4238
	1962009.74	628792.1328
	1962009.811	628790.5413
	1962010.51	628789.7714
	1962009.757	628789.6455
	1962009.357	628790.2457
	1962009.219	628793.2242
	1962009.478	628794.0312
	1962009.378	628794.7598
	1962010.044	628795.4263
	1962010.219	628795.294
END		
148	1962011.076	628791.216
	1962010.51	628789.7714
	1962009.811	628790.5413
	1962009.74	628792.1328
	1962009.556	628792.4238
	1962009.498	628793.383
	1962011.498	628792.621
	1962013.188	628789.9024
	1962010.51	628789.7714
END		
149	1962009.998	628793.9392
	1962010.409	628793.0361
	1962009.498	628793.383
	1962009.72	628794.8554
	1962010.219	628795.294
	1962010.415	628794.145
	1962010.409	628793.0361
END		
150	1962010.829	628793.6902
	1962010.885	628795.2179
	1962011.498	628792.621
	1962010.409	628793.0361
	1962010.415	628794.145
	1962010.219	628795.294
	1962010.885	628795.2179
END		
151	1962014.182	628789.7806
	1962013.188	628789.9024
	1962011.498	628792.621
	1962010.885	628795.2179
	1962012.169	628795.284
	1962012.923	628792.8869
	1962016.087	628788.4313
	1962013.772	628788.4048
	1962013.188	628789.9024
END		
152	1962017.381	628789.7317
	1962019.54	628790.4981
	1962019.836	628786.6612
	1962016.087	628788.4313
	1962012.923	628792.8869
	1962012.169	628795.284
	1962010.885	628795.2179
	1962011.679	628797.4007
	1962011.427	628801.5951
	1962012.71	628802.0139
	1962014.026	628797.1124
	1962014.916	628793.8609
	1962016.831	628792.964
	1962019.54	628790.4981
END		
153	1962019.133	628784.9478
	1962019.836	628786.6612
	1962022.303	628785.5062
	1962020.261	628782.6254
	1962016.798	628784.3594
	1962013.772	628788.4048
	1962016.087	628788.4313
	1962019.836	628786.6612
END		
154	1962021.029	628789.8954
	1962022.303	628785.5062
	1962019.836	628786.6612
	1962019.54	628790.4981
	1962021.195	628795.9234
	1962022.723	628796.4791
	1962022.303	628785.5062
END		
155	1962025.133	628794.2757
	1962025.88	628793.9891
	1962024.862	628793.5458
	1962023.383	628796.7825
	1962024.281	628797.1953
	1962025.88	628793.9891
END		
156	1962026.133	628791.3815
	1962026.99	628790.548
	1962027.177	628789.6431
	1962025.642	628790.3708
	1962024.862	628793.5458
	1962025.88	628793.9891
	1962026.752	628792.2414
	1962026.99	628790.548
END		
157	1962028.309	628779.7619
	1962027.177	628789.6431
	1962028.947	628782.3935
	1962030.416	628778.0057
	1962029.958	628777.8453
	1962027.705	628777.1097
	1962026.364	628780.9965
	1962025.642	628790.3708
	1962027.177	628789.6431
END		
158	1962024.089	628789.1601
	1962025.642	628790.3708
	1962025.882	628787.2545
	1962022.38	628787.511
	1962022.606	628793.4265
	1962022.723	628796.4791
	1962023.383	628796.7825
	1962024.862	628793.5458
	1962025.642	628790.3708
END		
159	1962023.52	628780.7183
	1962024.898	628776.1898
	1962022.71	628778.4921
	1962021.271	628776.5871
	1962020.261	628782.6254
	1962022.303	628785.5062
	1962022.38	628787.511
	1962025.882	628787.2545
	1962026.364	628780.9965
	1962027.705	628777.1097
	1962025.058	628776.2454
	1962024.898	628776.1898
END		
160	1962014.044	628784.9954
	1962020.75	628779.7022
	1962019.688	628779.5426
	1962018.54	628777.6349
	1962014.288	628780.8152
	1962011.292	628785.7789
	1962011.758	628788.2977
	1962010.51	628789.7714
	1962013.188	628789.9024
	1962013.772	628788.4048
	1962016.798	628784.3594
	1962020.261	628782.6254
	1962020.75	628779.7022
END		
161	1962019.884	628777.9376
	1962021.271	628776.5871
	1962019.95	628775.2907
	1962018.54	628777.6349
	1962019.688	628779.5426
	1962020.75	628779.7022
	1962021.271	628776.5871
END		
162	1962022.864	628776.9135
	1962020.159	628774.5456
	1962019.95	628775.2907
	1962021.271	628776.5871
	1962022.71	628778.4921
	1962024.898	628776.1898
	1962022.758	628775.4453
	1962020.159	628774.5456
END		
163	1962010.403	628787.5383
	1962011.89	628784.7893
	1962009.94	628784.1887
	1962009.213	628786.3054
	1962009.16	628788.9513
	1962010.51	628789.7714
	1962011.758	628788.2977
	1962011.292	628785.7789
	1962011.89	628784.7893
END		
164	1962008.963	628783.6669
	1962009.94	628784.1887
	1962009.396	628782.1408
	1962007.975	628783.8471
	1962008.719	628786.2031
	1962008.33	628789.2103
	1962008.401	628789.567
	1962009.757	628789.6455
	1962010.51	628789.7714
	1962009.16	628788.9513
	1962009.213	628786.3054
	1962009.94	628784.1887
END		
165	1962010.704	628779.5948
	1962009.396	628782.1408
	1962011.151	628780.5612
	1962013.033	628773.7084
	1962013.064	628773.4306
	1962012.366	628773.2163
	1962011.048	628777.8122
	1962008.33	628782.4001
	1962007.311	628783.744
	1962007.975	628783.8471
	1962009.396	628782.1408
END		
166	1962016.806	628776.64
	1962019.95	628775.2907
	1962017.422	628775.5447
	1962015.556	628774.6027
	1962010.388	628784.3267
	1962011.89	628784.7893
	1962014.288	628780.8152
	1962018.54	628777.6349
	1962019.95	628775.2907
END		
167	1962017.953	628774.7243
	1962017.153	628773.4937
	1962015.556	628774.6027
	1962017.422	628775.5447
	1962019.95	628775.2907
	1962020.159	628774.5456
	1962017.153	628773.4937
END		
168	1962015.25	628773.71
	1962013.064	628773.4306
	1962015.556	628774.6027
	1962017.153	628773.4937
	1962016.395	628773.2284
	1962013.784	628773.1148
	1962013.064	628773.4306
END		
169	1962013.766	628775.6098
	1962015.556	628774.6027
	1962013.064	628773.4306
	1962013.033	628773.7084
	1962011.151	628780.5612
	1962009.396	628782.1408
	1962009.94	628784.1887
	1962010.388	628784.3267
	1962015.556	628774.6027
END		
170	1962029.113	628790.3333
	1962029.366	628788.7118
	1962028.592	628788.7846
	1962028.042	628790.9217
	1962028.848	628791.3501
	1962029.01	628791.4144
	1962029.89	628791.3458
	1962030.038	628790.2927
	1962029.911	628788.9909
	1962029.366	628788.7118
END		
171	1962029.37	628784.587
	1962029.943	628779.4176
	1962028.947	628782.3935
	1962028.244	628785.2734
	1962030.095	628785.8794
	1962031.205	628779.7463
	1962029.943	628779.4176
END		
172	1962032.087	628779.3548
	1962034.232	628779.332
	1962032.665	628778.7951
	1962031.958	628778.5455
	1962031.438	628778.3635
	1962030.416	628778.0057
	1962029.943	628779.4176
	1962031.205	628779.7463
	1962033.321	628780.2543
	1962034.232	628779.332
END		
173	1962032.144	628780.8899
	1962033.228	628782.1382
	1962033.321	628780.2543
	1962031.205	628779.7463
	1962030.687	628782.6052
	1962033.228	628782.1382
END		
174	1962032.111	628783.5087
	1962033.863	628783.9906
	1962033.228	628782.1382
	1962030.687	628782.6052
	1962030.095	628785.8794
	1962029.366	628788.7118
	1962029.911	628788.9909
	1962032.508	628785.673
	1962033.863	628783.9906
END		
175	1962035.112	628781.8111
	1962037.792	628780.5518
	1962034.232	628779.332
	1962033.321	628780.2543
	1962033.228	628782.1382
	1962033.863	628783.9906
	1962032.508	628785.673
	1962029.911	628788.9909
	1962030.038	628790.2927
	1962029.89	628791.3458
	1962029.01	628791.4144
	1962029.794	628791.7272
	1962030.336	628791.4437
	1962030.462	628788.9036
	1962031.093	628788.2422
	1962031.741	628787.0912
	1962034.415	628784.2469
	1962037.375	628781.4357
	1962037.792	628780.5518
END		
176	1962020.221	628854.2831
	1962021.063	628855.4721
	1962019.933	628853.3247
	1962020.078	628851.3006
	1962019.986	628849.8785
	1962019.808	628849.1658
	1962019.639	628849.4479
	1962019.831	628851.4772
	1962019.707	628853.3728
	1962020.422	628855.5624
	1962021.063	628855.4721
END		
177	1962020.797	628847.9545
	1962021.294	628855.4397
	1962020.937	628854.4049
	1962020.215	628853.3962
	1962020.305	628852.2637
	1962020.242	628849.7819
	1962020.08	628849.2633
	1962021.56	628847.2921
	1962021.494	628846.0751
	1962021.235	628846.7774
	1962019.808	628849.1658
	1962019.986	628849.8785
	1962020.078	628851.3006
	1962019.933	628853.3247
	1962021.063	628855.4721
	1962021.294	628855.4397
END		
178	1962022.783	628840.9223
	1962022.112	628840.1647
	1962022.264	628840.6636
	1962022.654	628842.7538
	1962022.581	628844.4339
	1962022.068	628844.5231
	1962021.599	628845.7907
	1962023.085	628843.8922
	1962025.014	628842.4436
	1962023.44	628841.6366
	1962022.937	628839.7051
	1962022.112	628840.1647
END		
179	1962021.795	628837.3999
	1962022.617	628839.8834
	1962021.971	628838.2909
	1962022.209	628837.2352
	1962021.774	628836.7087
	1962021.325	628837.5811
	1962022.112	628840.1647
	1962022.617	628839.8834
END		
180	1962021.929	628835.1282
	1962022.937	628839.7051
	1962022.586	628839.261
	1962022.252	628837.9116
	1962022.404	628837.1641
	1962022.12	628836.3869
	1962022.907	628834.2305
	1962022.811	628833.9395
	1962020.536	628834.1412
	1962020.652	628834.6164
	1962021.116	628834.6078
	1962021.774	628836.7087
	1962022.209	628837.2352
	1962021.971	628838.2909
	1962022.617	628839.8834
	1962022.937	628839.7051
END		
181	1962018.814	628831.653
	1962018.565	628830.3862
	1962018.359	628831.9785
	1962019.18	628832.4975
	1962019.252	628831.1997
	1962018.565	628830.3862
END		
182	1962019.51	628832.9742
	1962019.387	628827.4187
	1962018.546	628826.3869
	1962018.538	628827.603
	1962018.081	628829.1537
	1962018.66	628829.6522
	1962018.565	628830.3862
	1962019.252	628831.1997
	1962019.18	628832.4975
	1962019.327	628832.5904
	1962019.175	628833.0932
	1962019.763	628833.9398
	1962020.401	628834.6211
	1962020.652	628834.6164
	1962020.536	628834.1412
	1962020.04	628833.618
	1962019.469	628832.0199
	1962019.554	628831.6971
	1962019.517	628830.3794
	1962019.352	628830.2396
	1962018.665	628828.4744
	1962019.387	628827.4187
END		
183	1962019.838	628828.4079
	1962019.025	628826.9746
	1962019.387	628827.4187
	1962018.665	628828.4744
	1962019.352	628830.2396
	1962019.517	628830.3794
	1962019.554	628831.6971
	1962019.469	628832.0199
	1962020.04	628833.618
	1962020.536	628834.1412
	1962020.141	628832.6972
	1962019.683	628831.6627
	1962020.99	628828.4294
	1962019.509	628827.1012
	1962019.025	628826.9746
END		
184	1962018.55	628820.1458
	1962020.532	628817.1046
	1962020.446	628816.685
	1962019.875	628817.7116
	1962019.467	628817.9814
	1962018.568	628819.4867
	1962017.511	628821.2569
	1962017.991	628821.4224
	1962018.422	628822.2876
	1962018.624	628822.4531
	1962019.039	628820.9588
	1962018.953	628820.1981
	1962018.714	628819.7551
	1962020.532	628817.1046
END		
185	1962018.56	628824.1815
	1962019.42	628814.943
	1962019.256	628814.6476
	1962018.975	628815.6689
	1962020.446	628816.685
	1962020.532	628817.1046
	1962018.714	628819.7551
	1962018.953	628820.1981
	1962019.039	628820.9588
	1962018.624	628822.4531
	1962018.856	628822.6423
	1962018.052	628823.9968
	1962018.558	628824.5458
	1962018.546	628826.3869
	1962018.691	628826.565
	1962019.498	628824.5019
	1962018.823	628824.3035
	1962019.569	628823.089
	1962019.03	628822.2476
	1962019.569	628821.7714
	1962019.752	628821.184
	1962019.593	628820.4537
	1962019.069	628819.8981
	1962019.895	628818.644
	1962020.562	628818.23
	1962020.601	628818.0038
	1962020.683	628817.8219
	1962020.805	628817.5506
	1962020.923	628817.2891
	1962021.001	628817.1159
	1962020.969	628816.9745
	1962020.923	628816.7743
	1962020.882	628816.592
	1962019.286	628815.5303
	1962019.42	628814.943
END		
186	1962021.261	628806.8626
	1962022.382	628805.1704
	1962022.078	628805.9472
	1962020.927	628806.688
	1962021.047	628807.4884
	1962020.702	628807.7146
	1962020.131	628808.183
	1962019.205	628809.7308
	1962018.591	628812.7428
	1962018.901	628813.6314
	1962018.71	628812.7284
	1962018.919	628812.0087
	1962019.108	628811.0879
	1962019.423	628809.6761
	1962020.124	628808.4429
	1962020.971	628807.7801
	1962021.403	628807.8158
	1962021.467	628807.3475
	1962021.411	628807.0617
	1962021.939	628806.391
	1962023.104	628806.0867
	1962024.387	628805.293
	1962022.382	628805.1704
END		
187	1962024.965	628800.1459
	1962026.335	628798.8842
	1962024.554	628799.7134
	1962023.884	628801.3302
	1962022.382	628805.1704
	1962022.744	628805.1925
	1962024.228	628801.9327
	1962025.721	628799.9219
	1962026.335	628798.8842
END		
188	1962027.069	628796.0455
	1962029.594	628791.7873
	1962029.047	628791.952
	1962026.719	628796.3706
	1962026.335	628798.8842
	1962027.016	628796.5246
	1962028.408	628793.6564
	1962029.594	628791.7873
END		
189	1962026.934	628798.3454
	1962031.272	628787.9239
	1962031.093	628788.2422
	1962030.462	628788.9036
	1962030.336	628791.4437
	1962029.794	628791.7272
	1962029.594	628791.7873
	1962028.408	628793.6564
	1962027.016	628796.5246
	1962026.335	628798.8842
	1962025.721	628799.9219
	1962024.228	628801.9327
	1962022.744	628805.1925
	1962024.387	628805.293
	1962024.192	628803.0598
	1962025.899	628800.5463
	1962028.042	628797.358
	1962027.354	628796.6701
	1962028.704	628793.7332
	1962030.625	628791.7554
	1962031.313	628788.9177
	1962031.776	628788.4944
	1962031.272	628787.9239
END		
190	1962033.538	628785.5764
	1962034.946	628783.7433
	1962034.415	628784.2469
	1962031.741	628787.0912
	1962031.272	628787.9239
	1962031.627	628788.3261
	1962032.155	628787.3566
	1962034.377	628785.1024
	1962034.946	628783.7433
END		
191	1962035.598	628783.7288
	1962038.287	628780.7213
	1962037.792	628780.5518
	1962037.375	628781.4357
	1962034.946	628783.7433
	1962034.377	628785.1024
	1962032.155	628787.3566
	1962031.627	628788.3261
	1962031.776	628788.4944
	1962032.483	628788.2245
	1962037.983	628781.6336
	1962038.287	628780.7213
END		
192	1962006.406	628853.349
	1962005.145	628849.0531
	1962005.116	628848.8972
	1962005.067	628849.177
	1962005.085	628849.3952
	1962006.163	628849.8748
	1962006.414	628850.6057
	1962006.554	628851.5334
	1962006.575	628852.1367
	1962006.242	628853.5337
	1962006.454	628854.1264
	1962006.581	628855.9891
	1962006.869	628856.3169
	1962006.511	628853.2131
	1962006.691	628851.5885
	1962006.671	628851.5044
	1962006.256	628849.8045
	1962005.373	628849.5029
	1962005.145	628849.0531
END		
193	1962005.264	628839.9467
	1962005.599	628844.9426
	1962005.732	628843.2418
	1962005.551	628842.9
	1962005.334	628841.7411
	1962005.557	628840.1112
	1962005.837	628836.6769
	1962005.572	628836.0048
	1962005.292	628836.0789
	1962005.509	628836.7457
	1962004.81	628840.7992
	1962005.043	628842.4184
	1962005.5	628843.2995
	1962005.266	628845.2402
	1962005.727	628845.8594
	1962005.9	628845.4955
	1962005.599	628844.9426
END		
194	1962006.025	628841.6646
	1962006.113	628835.9183
	1962005.94	628836.1239
	1962006.043	628837.1743
	1962006.059	628840.1906
	1962005.832	628841.3971
	1962005.837	628842.3496
	1962006.276	628843.1593
	1962005.813	628845.3362
	1962005.9	628845.4955
	1962005.99	628845.306
	1962006.676	628842.7737
	1962006.216	628842.0116
	1962006.242	628836.2966
	1962006.113	628835.9183
END		
195	1962005.983	628843.1634
	1962006.276	628843.1593
	1962005.984	628842.6202
	1962005.551	628842.9
	1962005.732	628843.2418
	1962005.599	628844.9426
	1962005.813	628845.3362
	1962006.276	628843.1593
END		
196	1962005.806	628840.1419
	1962005.94	628836.1239
	1962005.572	628836.0048
	1962005.837	628836.6769
	1962005.557	628840.1112
	1962005.334	628841.7411
	1962005.551	628842.9
	1962005.984	628842.6202
	1962005.837	628842.3496
	1962005.832	628841.3971
	1962006.059	628840.1906
	1962006.043	628837.1743
	1962005.94	628836.1239
END		
197	1962005.697	628833.4895
	1962005.785	628832.831
	1962005.525	628833.2902
	1962005.763	628835.3434
	1962005.387	628835.7032
	1962005.572	628836.0048
	1962005.94	628836.1239
	1962006.113	628835.9183
	1962006.06	628835.7626
	1962005.785	628832.831
END		
198	1962005.91	628830.8336
	1962005.393	628829.6162
	1962005.223	628830.8864
	1962005.785	628832.1697
	1962005.157	628833.0097
	1962005.144	628834.6105
	1962005.375	628835.3513
	1962005.387	628835.7032
	1962005.763	628835.3434
	1962005.525	628833.2902
	1962005.785	628832.831
	1962006.616	628832.5055
	1962006.719	628830.9656
	1962005.393	628829.6162
END		
199	1962005.012	628834.9449
	1962005.223	628830.8864
	1962004.108	628830.4088
	1962003.954	628831.5368
	1962005.15	628831.1603
	1962005.187	628831.6259
	1962004.923	628832.5943
	1962004.454	628832.7984
	1962004.918	628833.3881
	1962004.648	628834.5152
	1962005.002	628835.7112
	1962005.292	628836.0789
	1962005.572	628836.0048
	1962005.387	628835.7032
	1962005.375	628835.3513
	1962005.144	628834.6105
	1962005.157	628833.0097
	1962005.785	628832.1697
	1962005.223	628830.8864
END		
200	1962006.197	628828.3622
	1962005.157	628823.3458
	1962005.111	628829.115
	1962005.393	628829.6162
	1962005.727	628829.4337
	1962006.798	628829.3146
	1962007.749	628827.4259
	1962005.533	628826.3182
	1962005.157	628823.3458
END		
201	1962005.815	628820.6385
	1962006.365	628819.9617
	1962005.694	628820.1627
	1962005.21	628822.0757
	1962005.157	628823.3458
	1962005.623	628821.8837
	1962006.086	628820.5528
	1962006.365	628819.9617
END		
202	1962004.966	628829.6124
	1962005.148	628824.5165
	1962004.88	628826.4298
	1962004.507	628828.684
	1962004.576	628830.6092
	1962005.223	628830.8864
	1962005.393	628829.6162
	1962005.111	628829.115
	1962005.148	628824.5165
END		
203	1962004.672	628826.5672
	1962005.606	628820.5112
	1962005.235	628820.5043
	1962004.716	628823.1171
	1962004.942	628824.4705
	1962004.518	628826.316
	1962004.034	628830.1776
	1962004.108	628830.4088
	1962004.576	628830.6092
	1962004.507	628828.684
	1962004.88	628826.4298
	1962005.148	628824.5165
	1962005.157	628823.3458
	1962005.21	628822.0757
	1962005.606	628820.5112
END		
204	1962005.885	628819.638
	1962007.061	628818.4862
	1962006.324	628818.3281
	1962005.424	628819.3732
	1962005.166	628819.7701
	1962005.235	628820.5043
	1962005.606	628820.5112
	1962005.694	628820.1627
	1962006.365	628819.9617
	1962007.061	628818.4862
END		
205	1962008.49	628813.104
	1962008.509	628811.7733
	1962007.924	628811.7584
	1962008.069	628814.0352
	1962007.709	628815.3158
	1962006.312	628817.7923
	1962006.324	628818.3281
	1962007.061	628818.4862
	1962008.539	628815.3537
	1962009.049	628812.6946
	1962008.509	628811.7733
END		
206	1962008.189	628809.6512
	1962008.926	628808.2364
	1962008.706	628808.3069
	1962008.558	628808.5503
	1962007.895	628809.5981
	1962008.133	628810.3918
	1962008.255	628811.7668
	1962008.509	628811.7733
	1962008.414	628809.7625
	1962008.757	628809.0457
	1962008.926	628808.2364
END		
207	1962009.356	628805.4459
	1962009.888	628803.8657
	1962009.352	628804.8302
	1962009.013	628806.2855
	1962008.77	628807.9471
	1962008.114	628808.9207
	1962007.511	628809.5081
	1962007.918	628810.4289
	1962007.924	628811.7584
	1962008.255	628811.7668
	1962008.133	628810.3918
	1962007.895	628809.5981
	1962008.558	628808.5503
	1962008.706	628808.3069
	1962008.926	628808.2364
	1962008.98	628807.9788
	1962009.053	628806.4792
	1962009.392	628806.0346
	1962009.582	628805.0292
	1962010.117	628804.0979
	1962009.888	628803.8657
END		
208	1962006.662	628801.1028
	1962006.177	628797.091
	1962005.754	628796.8437
	1962005.905	628798.4074
	1962006.23	628799.6457
	1962006.375	628801.7928
	1962009.845	628803.9423
	1962009.888	628803.8657
	1962009.265	628803.2353
	1962007.088	628801.5638
	1962006.177	628797.091
END		
209	1962007.64	628794.0725
	1962008.516	628792.0602
	1962007.841	628792.4039
	1962007.127	628794.1224
	1962006.655	628795.444
	1962006.349	628796.1822
	1962006.177	628797.091
	1962008.427	628793.6183
	1962008.516	628792.0602
END		
210	1962007.243	628793.1254
	1962007.841	628792.4039
	1962007.235	628792.1341
	1962006.697	628793.9703
	1962005.754	628796.8437
	1962006.177	628797.091
	1962006.349	628796.1822
	1962006.655	628795.444
	1962007.127	628794.1224
	1962007.841	628792.4039
END		
211	1962007.482	628789.6115
	1962008.366	628785.4228
	1962007.907	628786.3057
	1962007.227	628788.6262
	1962006.93	628790.2576
	1962007.444	628791.0175
	1962007.235	628792.1341
	1962007.841	628792.4039
	1962008.516	628792.0602
	1962007.811	628789.1852
	1962008.366	628785.4228
END		
212	1962011.038	628775.3339
	1962014.755	628772.6655
	1962012.584	628772.5909
	1962010.613	628773.5699
	1962010.129	628776.4472
	1962008.971	628779.445
	1962006.9	628782.366
	1962006.312	628783.0249
	1962007.907	628786.3057
	1962008.366	628785.4228
	1962007.311	628783.744
	1962008.33	628782.4001
	1962011.048	628777.8122
	1962012.366	628773.2163
	1962013.064	628773.4306
	1962013.784	628773.1148
	1962016.395	628773.2284
	1962016.158	628773.1453
	1962014.755	628772.6655
END		
END		
