1	1962043.289	628845.2346
	1962047.78	628858.526
	1962046.57	628852.6803
	1962044.956	628846.4228
	1962041.322	628841.8574
	1962040.644	628842.5982
	1962044.073	628847.2973
	1962047.202	628858.7438
	1962047.78	628858.526
END		
2	1962047.671	628853.92
	1962048.866	628858.116
	1962048.37	628852.1868
	1962046.097	628850.8494
	1962046.57	628852.6803
	1962047.78	628858.526
	1962048.866	628858.116
END		
3	1962045.066	628842.8564
	1962044.956	628846.4228
	1962046.097	628850.8494
	1962048.37	628852.1868
	1962047.354	628845.3711
	1962045.767	628840.5239
	1962042.062	628841.2224
	1962043.438	628842.4289
	1962044.956	628846.4228
END		
4	1962042.745	628840.2003
	1962045.767	628840.5239
	1962040.61	628838.9562
	1962037.071	628836.1119
	1962036.476	628836.7403
	1962042.062	628841.2224
	1962045.767	628840.5239
END		
5	1962050.204	628855.8089
	1962051.879	628856.9787
	1962051.605	628854.7652
	1962048.544	628854.2709
	1962048.866	628858.116
	1962051.879	628856.9787
END		
6	1962049.587	628849.0502
	1962047.549	628846.6768
	1962048.37	628852.1868
	1962048.544	628854.2709
	1962051.605	628854.7652
	1962051.049	628845.2401
	1962047.549	628846.6768
END		
7	1962053.294	628853.8729
	1962055.332	628855.6756
	1962054.266	628849.2142
	1962051.356	628850.4968
	1962051.605	628854.7652
	1962051.879	628856.9787
	1962055.332	628855.6756
END		
8	1962052.93	628846.9674
	1962054.266	628849.2142
	1962054.954	628845.7375
	1962055.546	628841.6735
	1962052.811	628843.0282
	1962051.049	628845.2401
	1962051.356	628850.4968
	1962054.266	628849.2142
END		
9	1962057.908	628852.3492
	1962061.398	628853.3866
	1962060.529	628850.9222
	1962057.523	628851.028
	1962054.633	628847.3596
	1962054.266	628849.2142
	1962055.332	628855.6756
	1962061.398	628853.3866
END		
10	1962056.926	628847.2862
	1962060.529	628850.9222
	1962059.307	628847.3895
	1962057.759	628845.8417
	1962055.546	628841.6735
	1962054.954	628845.7375
	1962054.633	628847.3596
	1962057.523	628851.028
	1962060.529	628850.9222
END		
11	1962059.343	628846.3587
	1962062.364	628853.022
	1962060.68	628848.3103
	1962060.288	628845.4739
	1962055.546	628841.6735
	1962057.759	628845.8417
	1962059.307	628847.3895
	1962060.529	628850.9222
	1962061.398	628853.3866
	1962062.364	628853.022
END		
12	1962061.306	628846.1604
	1962060.288	628845.4739
	1962060.68	628848.3103
	1962062.683	628847.029
	1962061.479	628844.7271
	1962060.288	628845.4739
END		
13	1962062.742	628850.6248
	1962064.375	628852.263
	1962064.244	628851.3682
	1962062.683	628847.029
	1962060.68	628848.3103
	1962062.364	628853.022
	1962064.375	628852.263
END		
14	1962063.205	628846.2554
	1962065.294	628851.9161
	1962064.529	628847.6905
	1962063.715	628844.7536
	1962062.023	628845.7655
	1962062.683	628847.029
	1962064.244	628851.3682
	1962064.375	628852.263
	1962065.294	628851.9161
END		
15	1962065.504	628850.4404
	1962066.191	628851.5774
	1962065.608	628848.4181
	1962064.138	628844.5379
	1962063.715	628844.7536
	1962064.529	628847.6905
	1962065.294	628851.9161
	1962066.191	628851.5774
END		
16	1962062.465	628839.3896
	1962064.138	628844.5379
	1962063.121	628838.9128
	1962060.62	628834.5604
	1962058.236	628826.0936
	1962054.13	628820.1563
	1962052.278	628817.9337
	1962051.908	628818.754
	1962056.591	628826.0036
	1962058.284	628830.8191
	1962059.713	628836.3225
	1962061.724	628839.3917
	1962062.914	628843.2547
	1962063.715	628844.7536
	1962064.138	628844.5379
END		
17	1962059.348	628842.6239
	1962061.479	628844.7271
	1962061.049	628842.2056
	1962060.075	628840.7239
	1962057.143	628842.9529
	1962060.288	628845.4739
	1962061.479	628844.7271
END		
18	1962057.181	628841.8412
	1962060.075	628840.7239
	1962059.229	628840.1736
	1962055.546	628841.6735
	1962057.143	628842.9529
	1962060.075	628840.7239
END		
19	1962058.23	628839.2873
	1962059.229	628840.1736
	1962058.776	628838.1151
	1962058.102	628836.5805
	1962056.739	628837.2023
	1962057.678	628838.2871
	1962056.974	628841.0919
	1962059.229	628840.1736
END		
20	1962062.128	628843.4154
	1962061.877	628839.8902
	1962060.446	628841.2879
	1962061.049	628842.2056
	1962061.479	628844.7271
	1962062.023	628845.7655
	1962063.715	628844.7536
	1962062.914	628843.2547
	1962061.877	628839.8902
END		
21	1962056.725	628835.7417
	1962058.102	628836.5805
	1962057.619	628834.9797
	1962056.19	628833.551
	1962055.462	628836.263
	1962056.739	628837.2023
	1962058.102	628836.5805
END		
22	1962060.512	628839.853
	1962059.139	628834.1136
	1962057.619	628834.9797
	1962058.102	628836.5805
	1962058.776	628838.1151
	1962059.229	628840.1736
	1962060.075	628840.7239
	1962060.446	628841.2879
	1962061.877	628839.8902
	1962061.724	628839.3917
	1962059.713	628836.3225
	1962059.139	628834.1136
END		
23	1962057.302	628831.6736
	1962056.841	628826.7144
	1962055.886	628827.2803
	1962056.19	628833.551
	1962057.619	628834.9797
	1962059.139	628834.1136
	1962058.284	628830.8191
	1962056.841	628826.7144
END		
24	1962056.214	628838.3345
	1962055.462	628836.263
	1962054.807	628836.8649
	1962054.754	628838.5979
	1962056.115	628841.4419
	1962056.974	628841.0919
	1962057.678	628838.2871
	1962056.739	628837.2023
	1962055.462	628836.263
END		
25	1962054.05	628837.7883
	1962054.807	628836.8649
	1962053.709	628836.5739
	1962053.114	628838.4392
	1962054.754	628838.5979
	1962054.807	628836.8649
END		
26	1962053.873	628840.8689
	1962053.114	628838.4392
	1962048.259	628832.232
	1962048.312	628833.0787
	1962051.302	628839.4288
	1962052.811	628843.0282
	1962055.546	628841.6735
	1962056.115	628841.4419
	1962054.754	628838.5979
	1962053.114	628838.4392
END		
27	1962048.904	628840.8989
	1962048.259	628832.232
	1962045.481	628833.1977
	1962046.354	628836.4522
	1962045.767	628840.5239
	1962047.354	628845.3711
	1962047.549	628846.6768
	1962051.049	628845.2401
	1962052.811	628843.0282
	1962051.302	628839.4288
	1962048.312	628833.0787
	1962048.259	628832.232
END		
28	1962049.123	628831.5819
	1962048.259	628832.232
	1962048.938	628833.1004
	1962050.556	628830.8257
	1962048.18	628830.5696
	1962048.259	628832.232
END		
29	1962052.775	628836.9741
	1962053.709	628836.5739
	1962051.597	628834.7765
	1962050.396	628834.9646
	1962053.114	628838.4392
	1962053.709	628836.5739
END		
30	1962050.491	628833.309
	1962051.597	628834.7765
	1962051.93	628833.0461
	1962050.556	628830.8257
	1962048.938	628833.1004
	1962050.396	628834.9646
	1962051.597	628834.7765
END		
31	1962054.043	628833.031
	1962055.886	628827.2803
	1962054.19	628829.4318
	1962052.311	628829.5972
	1962050.556	628830.8257
	1962051.93	628833.0461
	1962051.597	628834.7765
	1962053.709	628836.5739
	1962054.807	628836.8649
	1962055.462	628836.263
	1962056.19	628833.551
	1962055.886	628827.2803
END		
32	1962054.832	628826.9301
	1962055.886	628827.2803
	1962052.35	628820.4769
	1962051.053	628820.08
	1962051.265	628821.5088
	1962054.812	628828.6426
	1962055.886	628827.2803
END		
33	1962055.657	628825.575
	1962051.908	628818.754
	1962051.053	628820.08
	1962052.35	628820.4769
	1962055.886	628827.2803
	1962056.841	628826.7144
	1962056.591	628826.0036
	1962051.908	628818.754
END		
34	1962053.747	628827.9157
	1962051.265	628821.5088
	1962050.336	628822.12
	1962053.384	628828.6447
	1962053.217	628829.5175
	1962054.19	628829.4318
	1962054.812	628828.6426
	1962051.265	628821.5088
END		
35	1962049.646	628827.5276
	1962052.311	628829.5972
	1962049.59	628822.5804
	1962047.336	628824.1044
	1962048.18	628830.5696
	1962050.556	628830.8257
	1962052.311	628829.5972
END		
36	1962047.371	628823.4948
	1962049.59	628822.5804
	1962046.134	628822.9623
	1962046.736	628823.8288
	1962047.336	628824.1044
	1962049.59	628822.5804
END		
37	1962048.694	628822.2823
	1962049.59	628822.5804
	1962048.187	628821.4462
	1962047.076	628819.5623
	1962046.801	628819.5835
	1962047.707	628821.2147
	1962048.179	628822.2704
	1962047.858	628822.5839
	1962046.345	628822.7982
	1962046.134	628822.9623
	1962049.59	628822.5804
END		
38	1962046.632	628821.4127
	1962046.801	628819.5835
	1962046.581	628819.3578
	1962046.162	628819.3343
	1962045.481	628819.5262
	1962045.487	628820.0929
	1962045.246	628820.548
	1962045.191	628820.9735
	1962046.345	628822.7982
	1962047.858	628822.5839
	1962048.179	628822.2704
	1962047.707	628821.2147
	1962046.801	628819.5835
END		
39	1962044.917	628821.1514
	1962044.731	628820.1665
	1962044.27	628819.9442
	1962044.347	628820.9417
	1962044.999	628821.6892
	1962046.134	628822.9623
	1962046.345	628822.7982
	1962045.191	628820.9735
	1962044.934	628820.7023
	1962044.731	628820.1665
END		
40	1962046.126	628824.0612
	1962047.336	628824.1044
	1962046.736	628823.8288
	1962046.134	628822.9623
	1962044.999	628821.6892
	1962044.347	628820.9417
	1962044.352	628822.1853
	1962045.741	628826.1408
	1962047.336	628824.1044
END		
41	1962046.859	628826.6905
	1962045.741	628826.1408
	1962048.18	628830.5696
	1962047.336	628824.1044
	1962045.741	628826.1408
END		
42	1962046.598	628830.9952
	1962044.352	628822.1853
	1962040.384	628823.5611
	1962044.167	628827.2389
	1962045.481	628833.1977
	1962048.259	628832.232
	1962048.18	628830.5696
	1962045.741	628826.1408
	1962044.352	628822.1853
END		
43	1962039.024	628826.2975
	1962040.384	628823.5611
	1962038.505	628822.7409
	1962034.846	628826.3001
	1962039.735	628830.1419
	1962041.529	628839.2355
	1962045.767	628840.5239
	1962046.354	628836.4522
	1962045.481	628833.1977
	1962044.167	628827.2389
	1962040.384	628823.5611
END		
44	1962037.114	628831.4743
	1962034.846	628826.3001
	1962033.604	628827.4365
	1962034.225	628830.1485
	1962034.225	628831.4715
	1962037.387	628833.6675
	1962037.071	628836.1119
	1962040.61	628838.9562
	1962041.529	628839.2355
	1962039.735	628830.1419
	1962034.846	628826.3001
END		
45	1962042.264	628842.0741
	1962039.51	628839.1749
	1962041.322	628841.8574
	1962044.956	628846.4228
	1962043.438	628842.4289
	1962042.062	628841.2224
	1962039.51	628839.1749
END		
46	1962036.027	628834.6327
	1962034.225	628831.4715
	1962033.935	628833.0355
	1962035.628	628836.1894
	1962036.476	628836.7403
	1962037.071	628836.1119
	1962037.387	628833.6675
	1962034.225	628831.4715
END		
47	1962038.187	628839.531
	1962033.604	628827.4365
	1962032.601	628827.2622
	1962033.004	628833.8875
	1962034.041	628837.253
	1962039.057	628841.6769
	1962040.644	628842.5982
	1962041.322	628841.8574
	1962039.51	628839.1749
	1962036.476	628836.7403
	1962035.628	628836.1894
	1962033.935	628833.0355
	1962034.225	628831.4715
	1962034.225	628830.1485
	1962033.604	628827.4365
END		
48	1962031.048	628823.4046
	1962034.148	628826.9389
	1962029.721	628820.1836
	1962027.245	628816.6435
	1962024.202	628811.7222
	1962022.694	628807.2771
	1962021.567	628808.0391
	1962023.202	628812.8493
	1962028.377	628819.0724
	1962030.782	628824.5969
	1962032.601	628827.2622
	1962033.604	628827.4365
	1962034.148	628826.9389
END		
49	1962034.595	628824.6496
	1962038.505	628822.7409
	1962032.394	628821.2499
	1962029.769	628817.2705
	1962027.25	628815.4925
	1962026.74	628815.8273
	1962027.245	628816.6435
	1962029.721	628820.1836
	1962034.148	628826.9389
	1962034.846	628826.3001
	1962038.505	628822.7409
END		
50	1962030.231	628816.3631
	1962027.25	628815.4925
	1962029.769	628817.2705
	1962032.394	628821.2499
	1962033.072	628821.4154
	1962031.251	628812.9948
	1962027.25	628815.4925
END		
51	1962033.123	628816.458
	1962031.251	628812.9948
	1962033.072	628821.4154
	1962034.045	628821.6527
	1962034.256	628816.2122
	1962031.251	628812.9948
END		
52	1962037.108	628820.6215
	1962043.304	628822.5488
	1962039.074	628819.9799
	1962038.291	628819.0909
	1962034.256	628816.2122
	1962034.045	628821.6527
	1962038.505	628822.7409
	1962040.384	628823.5611
	1962043.304	628822.5488
END		
53	1962039.424	628818.1484
	1962044.347	628820.9417
	1962042.593	628819.6068
	1962041.495	628819.4878
	1962040.344	628817.9664
	1962039.921	628815.2147
	1962038.585	628815.4396
	1962038.291	628819.0909
	1962039.074	628819.9799
	1962043.304	628822.5488
	1962044.352	628822.1853
	1962044.347	628820.9417
END		
54	1962041.407	628817.7799
	1962039.921	628815.2147
	1962040.344	628817.9664
	1962041.495	628819.4878
	1962042.593	628819.6068
	1962043.574	628818.8962
	1962043.223	628818.3671
	1962042.906	628818.1124
	1962042.504	628818.0508
	1962042.512	628817.8083
	1962041.805	628816.1745
	1962041.075	628815.0394
	1962039.921	628815.2147
END		
55	1962043.426	628819.7144
	1962044.27	628819.9442
	1962043.574	628818.8962
	1962042.593	628819.6068
	1962044.347	628820.9417
	1962044.27	628819.9442
END		
56	1962045.702	628818.7458
	1962045.481	628819.5262
	1962046.162	628819.3343
	1962046.581	628819.3578
	1962046.282	628819.0993
	1962046.574	628817.7199
	1962046.55	628815.6244
	1962045.568	628816.0856
	1962046.126	628817.7399
	1962045.09	628818.5892
	1962044.942	628819.1256
	1962045.481	628819.5262
END		
57	1962044.851	628819.8647
	1962045.481	628819.5262
	1962044.942	628819.1256
	1962043.877	628819.3519
	1962044.27	628819.9442
	1962044.731	628820.1665
	1962044.934	628820.7023
	1962045.191	628820.9735
	1962045.246	628820.548
	1962045.487	628820.0929
	1962045.481	628819.5262
END		
58	1962044.251	628818.6987
	1962044.942	628819.1256
	1962045.09	628818.5892
	1962046.126	628817.7399
	1962045.568	628816.0856
	1962045.43	628816.0856
	1962044.96	628817.2861
	1962044.846	628817.5243
	1962043.223	628818.3671
	1962043.574	628818.8962
	1962043.877	628819.3519
	1962044.942	628819.1256
END		
59	1962043.873	628817.4545
	1962045.43	628816.0856
	1962045.172	628816.216
	1962044.361	628816.7081
	1962042.59	628817.5924
	1962042.512	628817.8083
	1962042.504	628818.0508
	1962042.906	628818.1124
	1962043.223	628818.3671
	1962044.846	628817.5243
	1962044.96	628817.2861
	1962045.43	628816.0856
END		
60	1962052.316	628827.8314
	1962050.336	628822.12
	1962049.474	628820.768
	1962048.187	628821.4462
	1962049.59	628822.5804
	1962052.311	628829.5972
	1962053.217	628829.5175
	1962053.384	628828.6447
	1962050.336	628822.12
END		
61	1962047.436	628816.5697
	1962049.474	628820.768
	1962047.973	628818.2478
	1962048.396	628817.2423
	1962048.158	628815.3505
	1962047.219	628815.4167
	1962046.55	628815.6244
	1962046.574	628817.7199
	1962046.282	628819.0993
	1962046.581	628819.3578
	1962046.801	628819.5835
	1962047.076	628819.5623
	1962048.187	628821.4462
	1962049.474	628820.768
END		
62	1962046.134	628805.7928
	1962052.278	628817.9337
	1962051.22	628813.4958
	1962048.829	628809.0296
	1962044.913	628802.5525
	1962043.558	628803.3357
	1962047.006	628807.9421
	1962048.011	628810.2969
	1962050.313	628813.7763
	1962051.371	628817.5598
	1962051.908	628818.754
	1962052.278	628817.9337
END		
63	1962049.842	628818.2771
	1962049.477	628812.5128
	1962047.146	628813.4429
	1962048.158	628815.3505
	1962048.396	628817.2423
	1962047.973	628818.2478
	1962049.474	628820.768
	1962050.336	628822.12
	1962051.265	628821.5088
	1962051.053	628820.08
	1962051.908	628818.754
	1962051.371	628817.5598
	1962050.313	628813.7763
	1962049.477	628812.5128
END		
64	1962046.069	628808.9657
	1962045.538	628805.981
	1962043.653	628806.0609
	1962044.701	628808.9819
	1962045.749	628811.5061
	1962047.146	628813.4429
	1962049.477	628812.5128
	1962048.011	628810.2969
	1962047.006	628807.9421
	1962045.538	628805.981
END		
65	1962046.718	628813.5307
	1962043.653	628806.0609
	1962043.304	628806.3117
	1962043.695	628807.4849
	1962043.951	628808.089
	1962044.777	628809.8908
	1962045.112	628811.8593
	1962046.596	628814.0501
	1962047.483	628815.3981
	1962048.158	628815.3505
	1962047.146	628813.4429
	1962045.749	628811.5061
	1962044.701	628808.9819
	1962043.653	628806.0609
END		
66	1962042.93	628807.8309
	1962043.304	628806.3117
	1962041.824	628806.0854
	1962041.761	628806.6443
	1962042.066	628808.0466
	1962042.838	628808.5791
	1962043.516	628809.4919
	1962043.486	628810.5007
	1962044.031	628811.2746
	1962044.532	628812.3753
	1962047.098	628814.8132
	1962046.596	628814.0501
	1962045.112	628811.8593
	1962044.777	628809.8908
	1962043.951	628808.089
	1962043.695	628807.4849
	1962043.304	628806.3117
END		
67	1962046.278	628814.6758
	1962043.754	628810.8815
	1962043.539	628811.3798
	1962043.991	628812.7053
	1962044.793	628813.8642
	1962046.55	628815.6244
	1962047.219	628815.4167
	1962047.483	628815.3981
	1962047.098	628814.8132
	1962044.532	628812.3753
	1962044.031	628811.2746
	1962043.754	628810.8815
END		
68	1962043.35	628812.2984
	1962043.539	628811.3798
	1962042.809	628812.0862
	1962042.952	628812.88
	1962045.808	628815.9729
	1962046.55	628815.6244
	1962044.793	628813.8642
	1962043.991	628812.7053
	1962043.539	628811.3798
END		
69	1962044.267	628815.4265
	1962043.523	628813.4989
	1962042.856	628814.9993
	1962044.354	628816.7116
	1962044.361	628816.7081
	1962045.172	628816.216
	1962045.43	628816.0856
	1962045.568	628816.0856
	1962045.808	628815.9729
	1962043.523	628813.4989
END		
70	1962042.806	628816.1229
	1962042.856	628814.9993
	1962041.075	628815.0394
	1962041.805	628816.1745
	1962042.512	628817.8083
	1962042.59	628817.5924
	1962044.354	628816.7116
	1962042.856	628814.9993
END		
71	1962042.823	628813.8341
	1962042.809	628812.0862
	1962041.598	628812.4907
	1962042.856	628814.9993
	1962043.523	628813.4989
	1962042.952	628812.88
	1962042.809	628812.0862
END		
72	1962041.266	628814.0812
	1962041.598	628812.4907
	1962039.907	628813.1733
	1962040.402	628815.1416
	1962041.075	628815.0394
	1962042.856	628814.9993
	1962041.598	628812.4907
END		
73	1962039.306	628814.1013
	1962039.907	628813.1733
	1962038.828	628812.0938
	1962037.854	628812.5595
	1962038.468	628814.0518
	1962038.585	628815.4396
	1962039.921	628815.2147
	1962040.402	628815.1416
	1962039.907	628813.1733
END		
74	1962035.915	628815.1371
	1962037.854	628812.5595
	1962035.933	628812.5013
	1962033.261	628815.1469
	1962034.256	628816.2122
	1962038.291	628819.0909
	1962038.585	628815.4396
	1962038.468	628814.0518
	1962037.854	628812.5595
END		
75	1962027.186	628811.5669
	1962031.251	628812.9948
	1962028.598	628809.3104
	1962025.357	628805.1762
	1962022.694	628807.2771
	1962024.202	628811.7222
	1962026.74	628815.8273
	1962027.25	628815.4925
	1962031.251	628812.9948
END		
76	1962030.899	628808.72
	1962035.933	628812.5013
	1962032.633	628807.0018
	1962029.484	628804.4354
	1962026.505	628806.6414
	1962028.598	628809.3104
	1962031.251	628812.9948
	1962033.261	628815.1469
	1962035.933	628812.5013
END		
77	1962036.256	628810.5674
	1962038.828	628812.0938
	1962034.453	628805.9647
	1962034.136	628802.5991
	1962031.556	628806.124
	1962032.633	628807.0018
	1962035.933	628812.5013
	1962037.854	628812.5595
	1962038.828	628812.0938
END		
78	1962039.359	628808.3764
	1962042.066	628808.0466
	1962037.554	628804.0544
	1962036.464	628801.1809
	1962034.136	628802.5991
	1962034.453	628805.9647
	1962038.828	628812.0938
	1962039.907	628813.1733
	1962041.598	628812.4907
	1962042.809	628812.0862
	1962043.539	628811.3798
	1962043.754	628810.8815
	1962043.486	628810.5007
	1962043.516	628809.4919
	1962042.838	628808.5791
	1962042.066	628808.0466
END		
79	1962040.409	628805.6513
	1962041.824	628806.0854
	1962041.218	628805.3641
	1962039.011	628804.1099
	1962037.554	628804.0544
	1962042.066	628808.0466
	1962041.761	628806.6443
	1962041.824	628806.0854
END		
80	1962042.843	628805.1213
	1962043.558	628803.3357
	1962041.583	628804.3004
	1962040.782	628805.116
	1962041.218	628805.3641
	1962041.824	628806.0854
	1962043.304	628806.3117
	1962043.653	628806.0609
	1962045.538	628805.981
	1962043.558	628803.3357
END		
81	1962036.633	628797.6162
	1962041.403	628804.4842
	1962038.503	628803.0622
	1962037.487	628798.2202
	1962038.188	628797.5244
	1962033.519	628792.6163
	1962033.056	628793.3571
	1962035.81	628798.9029
	1962036.464	628801.1809
	1962037.554	628804.0544
	1962039.011	628804.1099
	1962040.782	628805.116
	1962041.403	628804.4842
END		
82	1962035.544	628791.985
	1962033.519	628792.6163
	1962038.188	628797.5244
	1962037.487	628798.2202
	1962038.503	628803.0622
	1962040.817	628804.1971
	1962041.647	628802.2988
	1962039.821	628797.5204
	1962038.067	628793.758
	1962038.199	628792.2101
	1962037.154	628790.9269
	1962036.166	628788.9319
	1962033.237	628790.4797
	1962032.637	628791.3688
	1962033.519	628792.6163
END		
83	1962042.643	628801.1878
	1962044.913	628802.5525
	1962042.564	628798.7772
	1962041.744	628796.2768
	1962038.992	628791.501
	1962037.411	628788.0019
	1962036.166	628788.9319
	1962037.154	628790.9269
	1962038.199	628792.2101
	1962038.067	628793.758
	1962039.821	628797.5204
	1962041.647	628802.2988
	1962040.817	628804.1971
	1962041.403	628804.4842
	1962041.583	628804.3004
	1962043.558	628803.3357
	1962044.913	628802.5525
END		
84	1962034.151	628788.5795
	1962037.411	628788.0019
	1962035.507	628786.5916
	1962033.337	628785.3944
	1962032.359	628788.244
	1962030.432	628789.1753
	1962033.056	628793.3571
	1962033.519	628792.6163
	1962032.637	628791.3688
	1962033.237	628790.4797
	1962036.166	628788.9319
	1962037.411	628788.0019
END		
85	1962033.43	628798.4639
	1962033.056	628793.3571
	1962030.726	628800.0154
	1962031.758	628800.8568
	1962029.484	628804.4354
	1962031.556	628806.124
	1962034.136	628802.5991
	1962036.464	628801.1809
	1962035.81	628798.9029
	1962033.056	628793.3571
END		
86	1962030.946	628801.1268
	1962030.726	628800.0154
	1962030.239	628800.4957
	1962030.374	628801.7644
	1962031.116	628801.8677
	1962031.758	628800.8568
	1962030.726	628800.0154
END		
87	1962029.408	628801.0709
	1962030.239	628800.4957
	1962027.761	628800.2298
	1962028.621	628801.1889
	1962029.484	628804.4354
	1962031.116	628801.8677
	1962030.374	628801.7644
	1962030.239	628800.4957
END		
88	1962027.406	628801.2907
	1962028.905	628802.2553
	1962028.621	628801.1889
	1962027.761	628800.2298
	1962025.903	628801.0301
	1962027.755	628802.8822
	1962028.905	628802.2553
END		
89	1962027.265	628804.3969
	1962025.903	628801.0301
	1962023.947	628801.5328
	1962025.357	628805.1762
	1962026.505	628806.6414
	1962029.484	628804.4354
	1962028.905	628802.2553
	1962027.755	628802.8822
	1962025.903	628801.0301
END		
90	1962021.069	628806.671
	1962016.803	628801.1986
	1962016.546	628801.4232
	1962017.476	628802.6936
	1962018.58	628804.5126
	1962020.413	628806.9137
	1962021.567	628808.0391
	1962022.694	628807.2771
	1962019.23	628804.5986
	1962018.158	628802.8457
	1962017.721	628802.3827
	1962016.803	628801.1986
END		
91	1962025.618	628799.6921
	1962027.761	628800.2298
	1962025.769	628796.9309
	1962023.758	628799.1746
	1962023.947	628801.5328
	1962025.903	628801.0301
	1962027.761	628800.2298
END		
92	1962028.855	628797.4632
	1962032.566	628794.7562
	1962028.882	628792.9145
	1962025.769	628796.9309
	1962027.761	628800.2298
	1962030.239	628800.4957
	1962030.726	628800.0154
	1962032.566	628794.7562
END		
93	1962027.914	628787.2594
	1962030.432	628789.1753
	1962027.391	628785.7349
	1962026.068	628786.2641
	1962029.759	628789.8625
	1962031.797	628792.548
	1962033.056	628793.3571
	1962030.432	628789.1753
END		
94	1962028.744	628789.6609
	1962026.068	628786.2641
	1962025.857	628787.3357
	1962026.346	628788.1426
	1962031.4	628792.9714
	1962031.649	628794.2979
	1962032.566	628794.7562
	1962033.056	628793.3571
	1962031.797	628792.548
	1962029.759	628789.8625
	1962026.068	628786.2641
END		
95	1962024.708	628787.9386
	1962025.857	628787.3357
	1962023.055	628786.3488
	1962022.484	628787.3171
	1962028.882	628792.9145
	1962031.649	628794.2979
	1962031.4	628792.9714
	1962026.346	628788.1426
	1962025.857	628787.3357
END		
96	1962027.786	628792.8457
	1962025.594	628790.0379
	1962025.312	628790.5292
	1962026.286	628791.5876
	1962027.484	628794.7175
	1962028.882	628792.9145
	1962025.594	628790.0379
END		
97	1962025.02	628789.8868
	1962022.484	628787.3171
	1962022.709	628788.1162
	1962025.312	628790.5292
	1962025.594	628790.0379
	1962022.484	628787.3171
END		
98	1962026.179	628792.077
	1962022.709	628788.1162
	1962022.984	628788.5713
	1962024.159	628789.6614
	1962024.54	628790.3387
	1962025.577	628791.3441
	1962026.004	628792.3641
	1962026.507	628793.6871
	1962027.484	628794.7175
	1962026.286	628791.5876
	1962025.312	628790.5292
	1962022.709	628788.1162
END		
99	1962023.44	628790.6733
	1962026.507	628793.6871
	1962026.004	628792.3641
	1962025.577	628791.3441
	1962024.54	628790.3387
	1962024.159	628789.6614
	1962022.984	628788.5713
	1962022.742	628788.5627
	1962022.437	628788.857
	1962021.885	628790.3685
	1962022.258	628791.405
	1962023.623	628792.7491
	1962024.956	628793.2254
	1962026.11	628793.8392
	1962026.507	628793.6871
END		
100	1962026.201	628794.7724
	1962026.11	628793.8392
	1962025.055	628793.9986
	1962023.488	628792.972
	1962022.684	628792.9085
	1962026.479	628796.015
	1962027.484	628794.7175
	1962026.507	628793.6871
	1962026.11	628793.8392
END		
101	1962022.086	628791.6456
	1962022.709	628788.1162
	1962021.213	628789.6806
	1962021.721	628791.8608
	1962022.684	628792.9085
	1962023.488	628792.972
	1962025.055	628793.9986
	1962026.11	628793.8392
	1962024.956	628793.2254
	1962023.623	628792.7491
	1962022.258	628791.405
	1962021.885	628790.3685
	1962022.437	628788.857
	1962022.742	628788.5627
	1962022.984	628788.5713
	1962022.709	628788.1162
END		
102	1962027.482	628784.7619
	1962027.798	628784.0925
	1962026.232	628783.6586
	1962026.909	628785.3731
	1962027.391	628785.7349
	1962030.432	628789.1753
	1962029.174	628786.0716
	1962028.729	628785.3413
	1962027.798	628784.0925
END		
103	1962019.372	628778.4245
	1962032.359	628788.244
	1962031.149	628787.3998
	1962029.498	628785.3678
	1962028.652	628783.7168
	1962016.692	628775.7368
	1962015.761	628776.9434
	1962017.343	628778.0017
	1962023.533	628781.8435
	1962026.232	628783.6586
	1962027.798	628784.0925
	1962028.729	628785.3413
	1962029.174	628786.0716
	1962030.432	628789.1753
	1962032.359	628788.244
END		
104	1962022.717	628783.0519
	1962019.87	628779.57
	1962019.111	628782.3251
	1962021.823	628784.3095
	1962026.909	628785.3731
	1962026.232	628783.6586
	1962023.533	628781.8435
	1962019.87	628779.57
END		
105	1962025.214	628785.6889
	1962023.169	628784.591
	1962023.055	628786.3488
	1962025.857	628787.3357
	1962026.068	628786.2641
	1962027.391	628785.7349
	1962026.909	628785.3731
	1962023.169	628784.591
END		
106	1962020.16	628783.7918
	1962019.111	628782.3251
	1962017.78	628782.7272
	1962020.029	628784.4073
	1962022.436	628785.8361
	1962023.078	628785.9919
	1962023.169	628784.591
	1962021.823	628784.3095
	1962019.111	628782.3251
END		
107	1962017.895	628781.4085
	1962019.645	628779.4305
	1962018.085	628780.1528
	1962015.816	628780.8143
	1962017.78	628782.7272
	1962019.111	628782.3251
	1962019.87	628779.57
	1962019.645	628779.4305
END		
108	1962015.935	628782.3024
	1962015.816	628780.8143
	1962014.032	628782.0221
	1962017.665	628784.0859
	1962021.072	628786.1708
	1962021.676	628787.4832
	1962022.576	628788.255
	1962022.709	628788.1162
	1962022.484	628787.3171
	1962023.055	628786.3488
	1962023.078	628785.9919
	1962022.436	628785.8361
	1962020.029	628784.4073
	1962017.78	628782.7272
	1962015.816	628780.8143
END		
109	1962021.413	628788.2317
	1962021.676	628787.4832
	1962020.255	628787.3244
	1962020.33	628790.436
	1962021.721	628791.8608
	1962021.213	628789.6806
	1962022.576	628788.255
	1962021.676	628787.4832
END		
110	1962022.715	628795.6791
	1962020.33	628790.436
	1962019.016	628795.4049
	1962023.758	628799.1746
	1962025.769	628796.9309
	1962026.479	628796.015
	1962022.684	628792.9085
	1962021.721	628791.8608
	1962020.33	628790.436
END		
111	1962021.516	628803.2648
	1962021.332	628797.2463
	1962020.394	628800.1463
	1962017.721	628802.3827
	1962018.158	628802.8457
	1962019.23	628804.5986
	1962022.694	628807.2771
	1962025.357	628805.1762
	1962023.947	628801.5328
	1962023.758	628799.1746
	1962021.332	628797.2463
END		
112	1962017.213	628801.3767
	1962018.096	628802.0683
	1962016.578	628800.3527
	1962015.313	628798.8214
	1962014.235	628797.3529
	1962014.053	628797.6473
	1962017.721	628802.3827
	1962018.096	628802.0683
END		
113	1962017.905	628798.0286
	1962019.522	628793.4904
	1962018.067	628791.969
	1962014.235	628797.3529
	1962015.313	628798.8214
	1962016.578	628800.3527
	1962018.096	628802.0683
	1962020.394	628800.1463
	1962021.332	628797.2463
	1962019.016	628795.4049
	1962019.522	628793.4904
END		
114	1962005.706	628786.5906
	1962014.235	628797.3529
	1962011.804	628794.3384
	1962010.057	628791.7349
	1962007.079	628788.0121
	1962005.55	628785.6256
	1962004.597	628783.8264
	1962003.624	628784.3344
	1962004.957	628786.2394
	1962009.783	628792.1662
	1962012.797	628796.0569
	1962014.053	628797.6473
	1962014.235	628797.3529
END		
115	1962016.206	628800.668
	1962015.531	628799.5561
	1962014.053	628797.6473
	1962013.988	628797.748
	1962015.126	628799.4144
	1962015.362	628799.7282
	1962016.305	628801.0775
	1962016.546	628801.4232
	1962016.803	628801.1986
	1962016.603	628800.94
	1962015.531	628799.5561
END		
116	1962018.435	628787.6987
	1962017.228	628783.8375
	1962015.641	628784.878
	1962018.067	628791.969
	1962019.522	628793.4904
	1962020.33	628790.436
	1962020.255	628787.3244
	1962021.676	628787.4832
	1962021.072	628786.1708
	1962017.665	628784.0859
	1962017.228	628783.8375
END		
117	1962012.035	628788.2551
	1962015.641	628784.878
	1962007.049	628782.1898
	1962004.597	628783.8264
	1962005.55	628785.6256
	1962007.079	628788.0121
	1962010.057	628791.7349
	1962011.804	628794.3384
	1962014.235	628797.3529
	1962018.067	628791.969
	1962015.641	628784.878
END		
118	1962003.013	628782.3153
	1962005.056	628783.5201
	1961999.375	628778.3374
	1961996.615	628774.239
	1961995.496	628775.001
	1962001.952	628781.8009
	1962003.624	628784.3344
	1962004.597	628783.8264
	1962005.056	628783.5201
END		
119	1962005.789	628778.9613
	1962014.032	628782.0221
	1962010.333	628779.8641
	1962008.555	628777.8321
	1962004.067	628775.0169
	1962000.458	628777.9453
	1962007.049	628782.1898
	1962015.641	628784.878
	1962017.228	628783.8375
	1962014.032	628782.0221
END		
120	1962004.132	628781.2902
	1962000.458	628777.9453
	1961999.375	628778.3374
	1962005.056	628783.5201
	1962007.049	628782.1898
	1962000.458	628777.9453
END		
121	1961999.604	628777.2651
	1962000.894	628777.5916
	1961999.155	628775.9122
	1961997.57	628775.6567
	1961999.375	628778.3374
	1962000.458	628777.9453
	1962000.894	628777.5916
END		
122	1962000.798	628773.2692
	1962004.067	628775.0169
	1962005.05	628773.9013
	1961999.97	628770.3876
	1961996.615	628774.239
	1961997.57	628775.6567
	1961999.155	628775.9122
	1962000.894	628777.5916
	1962004.067	628775.0169
END		
123	1962012.558	628779.9587
	1962015.275	628781.1806
	1962013.802	628780.4578
	1962013.25	628779.8307
	1962010.192	628777.5844
	1962010.721	628779.0978
	1962013.155	628781.1298
	1962014.742	628781.5417
	1962015.275	628781.1806
END		
124	1962009.808	628778.4719
	1962010.192	628777.5844
	1962009.083	628778.4361
	1962010.333	628779.8641
	1962014.032	628782.0221
	1962014.742	628781.5417
	1962013.155	628781.1298
	1962010.721	628779.0978
	1962010.192	628777.5844
END		
125	1962011.24	628777.4252
	1962015.816	628780.8143
	1962015.059	628780.6403
	1962011.276	628776.4863
	1962010.192	628777.5844
	1962013.25	628779.8307
	1962013.802	628780.4578
	1962015.275	628781.1806
	1962015.816	628780.8143
END		
126	1962013.086	628773.7672
	1962015.761	628776.9434
	1962012.735	628772.2476
	1962012.407	628773.5917
	1962012.682	628774.5337
	1962016.249	628778.3649
	1962018.749	628779.8454
	1962019.645	628779.4305
	1962017.343	628778.0017
	1962015.761	628776.9434
END		
127	1962012.822	628775.7185
	1962012.682	628774.5337
	1962011.814	628775.7825
	1962016.016	628778.8835
	1962017.039	628780.4578
	1962018.085	628780.1528
	1962018.749	628779.8454
	1962016.249	628778.3649
	1962012.682	628774.5337
END		
128	1962014.772	628778.7372
	1962012.321	628776.1562
	1962013.529	628778.5818
	1962015.37	628780.0265
	1962017.039	628780.4578
	1962016.016	628778.8835
	1962012.321	628776.1562
END		
129	1962012.094	628776.7889
	1962011.814	628775.7825
	1962011.276	628776.4863
	1962015.059	628780.6403
	1962015.816	628780.8143
	1962017.039	628780.4578
	1962015.37	628780.0265
	1962013.529	628778.5818
	1962012.321	628776.1562
	1962011.814	628775.7825
END		
130	1962005.222	628774.8083
	1962009.475	628778.1352
	1962009.091	628777.1068
	1962005.05	628773.9013
	1962004.067	628775.0169
	1962008.555	628777.8321
	1962009.083	628778.4361
	1962009.475	628778.1352
END		
131	1962010.665	628776.1853
	1962011.955	628775.5799
	1962011.663	628774.5667
	1962009.657	628775.9217
	1962010.508	628777.2643
	1962011.276	628776.4863
	1962011.814	628775.7825
	1962011.955	628775.5799
END		
132	1962010.03	628774.423
	1962011.663	628774.5667
	1962010.742	628772.884
	1962009.874	628772.1749
	1962007.948	628773.7518
	1962009.657	628775.9217
	1962011.663	628774.5667
END		
133	1962007.158	628774.4876
	1962007.948	628773.7518
	1962006.453	628772.0558
	1962004.288	628773.3739
	1962005.05	628773.9013
	1962009.091	628777.1068
	1962009.475	628778.1352
	1962010.192	628777.5844
	1962010.508	628777.2643
	1962009.657	628775.9217
	1962007.948	628773.7518
END		
134	1962014.545	628772.8805
	1962016.692	628775.7368
	1962016.817	628774.5694
	1962014.69	628770.4418
	1962013.261	628770.172
	1962010.324	628771.1562
	1962012.735	628772.2476
	1962015.761	628776.9434
	1962016.692	628775.7368
END		
135	1962011.667	628772.9257
	1962010.324	628771.1562
	1962009.874	628772.1749
	1962010.742	628772.884
	1962011.663	628774.5667
	1962011.955	628775.5799
	1962012.682	628774.5337
	1962012.407	628773.5917
	1962012.735	628772.2476
	1962010.324	628771.1562
END		
136	1962007.436	628767.9314
	1962011.24	628770.8491
	1962010.317	628770.508
	1962009.023	628769.5872
	1962007.353	628766.8726
	1962004.262	628763.8325
	1962003.135	628763.0943
	1962002.835	628763.2292
	1962006.367	628767.2377
	1962007.768	628769.1824
	1962010.324	628771.1562
	1962011.24	628770.8491
END		
137	1961999.836	628767.6268
	1962006.453	628772.0558
	1962000.09	628765.3433
	1961998.986	628763.7954
	1961996.795	628766.9546
	1961999.97	628770.3876
	1962004.288	628773.3739
	1962006.453	628772.0558
END		
138	1962009.255	628771.4957
	1962008.43	628769.6933
	1962007.505	628770.3889
	1962009.236	628772.6972
	1962009.874	628772.1749
	1962010.324	628771.1562
	1962008.43	628769.6933
END		
139	1962008.634	628772.5084
	1962007.505	628770.3889
	1962006.651	628769.5032
	1962005.116	628768.1591
	1962003.867	628767.5347
	1962004.968	628769.064
	1962006.43	628770.0589
	1962008.131	628771.8289
	1962008.194	628772.8278
	1962007.516	628773.2622
	1962007.948	628773.7518
	1962009.236	628772.6972
	1962007.505	628770.3889
END		
140	1962006.486	628770.5695
	1962004.968	628769.064
	1962005.455	628770.1911
	1962006.518	628770.8658
	1962007.808	628772.0247
	1962008.194	628772.8278
	1962008.131	628771.8289
	1962006.43	628770.0589
	1962004.968	628769.064
END		
141	1962007.459	628772.0847
	1962006.071	628770.582
	1962006.748	628771.6159
	1962007.79	628773.0865
	1962008.194	628772.8278
	1962007.808	628772.0247
	1962006.518	628770.8658
	1962006.071	628770.582
END		
142	1962004.193	628768.6802
	1962003.867	628767.5347
	1962003.634	628769.0815
	1962006.453	628772.0558
	1962007.516	628773.2622
	1962007.79	628773.0865
	1962006.748	628771.6159
	1962006.071	628770.582
	1962005.455	628770.1911
	1962004.968	628769.064
	1962003.867	628767.5347
END		
143	1962004.636	628766.7419
	1962003.788	628764.3106
	1962003.094	628766.3679
	1962003.867	628767.5347
	1962005.116	628768.1591
	1962006.651	628769.5032
	1962007.505	628770.3889
	1962008.43	628769.6933
	1962007.768	628769.1824
	1962006.367	628767.2377
	1962003.788	628764.3106
END		
144	1962002.913	628767.4055
	1962003.094	628766.3679
	1962000.554	628764.8915
	1962000.09	628765.3433
	1962003.634	628769.0815
	1962003.867	628767.5347
	1962003.094	628766.3679
END		
145	1962000.074	628763.3835
	1961998.986	628763.7954
	1962000.09	628765.3433
	1962000.554	628764.8915
	1962001.525	628765.4554
	1962000.697	628762.2562
	1961999.745	628762.0022
	1961998.986	628763.7954
END		
146	1962002.492	628764.7232
	1962002.835	628763.2292
	1962000.697	628762.2562
	1962001.525	628765.4554
	1962003.094	628766.3679
	1962003.788	628764.3106
	1962002.835	628763.2292
END		
147	1961995.202	628768.6519
	1961996.795	628766.9546
	1961994.125	628765.209
	1961990.844	628766.8812
	1961993.257	628770.4584
	1961996.983	628773.8163
	1961999.97	628770.3876
	1961996.795	628766.9546
END		
148	1961994.599	628772.7632
	1961990.844	628766.8812
	1961988.833	628763.812
	1961987.838	628764.2565
	1961992.008	628771.3051
	1961995.496	628775.001
	1961996.615	628774.239
	1961996.983	628773.8163
	1961993.257	628770.4584
	1961990.844	628766.8812
END		
149	1961996.557	628764.1594
	1961998.676	628764.2412
	1961997.568	628761.2155
	1961995.832	628759.9666
	1961994.125	628765.209
	1961996.795	628766.9546
	1961998.676	628764.2412
END		
150	1961998.788	628762.4258
	1961999.745	628762.0022
	1961997.568	628761.2155
	1961998.676	628764.2412
	1961998.986	628763.7954
	1961999.745	628762.0022
END		
151	1961992.667	628763.2358
	1961995.105	628762.2
	1961993.689	628761.4854
	1961989.848	628762.4061
	1961992.845	628765.8613
	1961994.125	628765.209
	1961995.105	628762.2
END		
152	1961990.924	628765.0912
	1961989.848	628762.4061
	1961988.833	628763.812
	1961990.844	628766.8812
	1961992.845	628765.8613
	1961989.848	628762.4061
END		
153	1961987.929	628763.3107
	1961988.833	628763.812
	1961987.163	628761.2102
	1961986.983	628759.5274
	1961985.84	628760.4164
	1961987.838	628764.2565
	1961988.833	628763.812
END		
154	1961987.937	628761.0825
	1961989.848	628762.4061
	1961989.131	628762.2368
	1961988.417	628760.2048
	1961987.29	628759.2628
	1961986.983	628759.5274
	1961987.163	628761.2102
	1961988.833	628763.812
	1961989.848	628762.4061
END		
155	1961989.699	628761.5256
	1961991.347	628762.0468
	1961988.417	628760.2048
	1961989.131	628762.2368
	1961989.848	628762.4061
	1961991.347	628762.0468
END		
156	1961990.947	628759.7614
	1961995.447	628761.1495
	1961990.215	628756.1037
	1961987.29	628759.2628
	1961988.417	628760.2048
	1961991.347	628762.0468
	1961993.689	628761.4854
	1961995.105	628762.2
	1961995.447	628761.1495
END		
157	1961993.364	628757.5791
	1961995.832	628759.9666
	1961994.136	628755.1988
	1961990.215	628756.1037
	1961995.447	628761.1495
	1961995.832	628759.9666
END		
158	1961992.916	628754.8985
	1961994.136	628755.1988
	1961992.612	628754.3098
	1961991.611	628755.7815
	1961994.136	628755.1988
END		
159	1962002.549	628762.1029
	1962003.135	628763.0943
	1962001.421	628757.5977
	1962001.145	628757.6824
	1962002.524	628763.0879
	1962002.835	628763.2292
	1962003.135	628763.0943
END		
160	1962000.63	628759.7485
	1962001.145	628757.6824
	1962000.9	628757.5554
	1961999.478	628757.5223
	1961999.319	628758.7196
	1962000.208	628762.1258
	1962000.697	628762.2562
	1962002.524	628763.0879
	1962001.145	628757.6824
END		
161	1961997.613	628754.954
	1962001.421	628757.5977
	1962000.847	628756.9892
	1961999.831	628756.6875
	1961998.45	628755.3381
	1961995.743	628752.3854
	1961993.766	628750.8613
	1961993.425	628751.0598
	1961994.481	628751.8456
	1961995.338	628752.933
	1961997.91	628755.8356
	1961998.929	628756.7418
	1962000.423	628757.5443
	1962000.9	628757.5554
	1962001.145	628757.6824
	1962001.421	628757.5977
END		
162	1961997.46	628756.4946
	1961999.478	628757.5223
	1962000.423	628757.5443
	1961998.929	628756.7418
	1961997.91	628755.8356
	1961995.338	628752.933
	1961994.481	628751.8456
	1961993.425	628751.0598
	1961993.028	628750.7846
	1961992.473	628751.3799
	1961994.285	628752.425
	1961994.576	628753.0865
	1961996.534	628757.0288
	1961997.811	628757.9222
	1961999.478	628757.5223
END		
163	1961997.919	628760.1857
	1961994.285	628752.425
	1961992.612	628754.3098
	1961994.136	628755.1988
	1961995.832	628759.9666
	1961997.568	628761.2155
	1961999.745	628762.0022
	1962000.208	628762.1258
	1961999.319	628758.7196
	1961999.478	628757.5223
	1961997.811	628757.9222
	1961996.534	628757.0288
	1961994.576	628753.0865
	1961994.285	628752.425
END		
164	1961992.572	628748.1729
	1961992.016	628745.7976
	1961990.708	628746.9898
	1961990.365	628747.3015
	1961992.064	628749.9776
	1961993.028	628750.7846
	1961993.425	628751.0598
	1961993.766	628750.8613
	1961996.092	628751.7358
	1961997.108	628751.2119
	1961996.695	628750.3229
	1961994.536	628749.8149
	1961994.108	628747.5447
	1961992.016	628745.7976
END		
165	1961992.2	628750.7301
	1961993.028	628750.7846
	1961992.792	628750.7304
	1961990.841	628749.5186
	1961989.454	628748.1308
	1961989.129	628748.4271
	1961990.29	628749.7408
	1961992.473	628751.3799
	1961993.028	628750.7846
END		
166	1961990.633	628748.6947
	1961989.454	628748.1308
	1961990.841	628749.5186
	1961992.792	628750.7304
	1961993.028	628750.7846
	1961992.064	628749.9776
	1961990.365	628747.3015
	1961989.657	628747.945
	1961989.454	628748.1308
END		
167	1961993.342	628752.4121
	1961988.78	628748.7461
	1961993.412	628753.4083
	1961994.285	628752.425
	1961992.473	628751.3799
	1961990.29	628749.7408
	1961989.129	628748.4271
	1961988.78	628748.7461
END		
168	1961989.123	628751.5603
	1961986.187	628751.147
	1961991.611	628755.7815
	1961992.612	628754.3098
	1961993.412	628753.4083
	1961988.78	628748.7461
	1961987.357	628750.0451
	1961986.957	628750.445
	1961986.187	628751.147
END		
169	1961986.305	628754.3933
	1961982.314	628754.6786
	1961987.29	628759.2628
	1961990.215	628756.1037
	1961991.611	628755.7815
	1961986.187	628751.147
	1961982.457	628754.5449
	1961982.314	628754.6786
END		
170	1961983.819	628756.6662
	1961981.774	628755.1846
	1961983.42	628756.9349
	1961986.828	628759.6476
	1961986.983	628759.5274
	1961987.29	628759.2628
	1961982.314	628754.6786
	1961981.774	628755.1846
END		
171	1961985.523	628759.1602
	1961981.207	628755.7146
	1961985.272	628759.5808
	1961986.177	628760.1541
	1961986.828	628759.6476
	1961983.42	628756.9349
	1961981.774	628755.1846
	1961981.207	628755.7146
END		
172	1961984.521	628759.4761
	1961980.677	628756.2048
	1961983.751	628759.2368
	1961984.373	628760.3878
	1961985.84	628760.4164
	1961986.177	628760.1541
	1961985.272	628759.5808
	1961981.207	628755.7146
	1961981.105	628755.8099
	1961980.677	628756.2048
END		
173	1962037.956	628854.6376
	1962041.595	628860.8601
	1962038.509	628853.8133
	1962035.93	628850.162
	1962033.972	628846.7541
	1962033.797	628846.0556
	1962033.21	628844.6586
	1962031.749	628844.8491
	1962032.813	628847.5638
	1962037.321	628855.1045
	1962040.455	628861.2903
	1962041.595	628860.8601
END		
174	1962039.644	628854.6406
	1962042.499	628860.5189
	1962039.867	628853.0857
	1962038.509	628853.8133
	1962041.595	628860.8601
	1962042.499	628860.5189
END		
175	1962036.268	628847.6071
	1962039.867	628853.0857
	1962038.769	628850.2414
	1962037.737	628846.3255
	1962033.797	628846.0556
	1962033.972	628846.7541
	1962035.93	628850.162
	1962038.509	628853.8133
	1962039.867	628853.0857
END		
176	1962041.413	628853.7785
	1962044.097	628859.9159
	1962042.335	628852.0935
	1962039.867	628853.0857
	1962042.499	628860.5189
	1962044.097	628859.9159
END		
177	1962045.193	628857.4436
	1962046.396	628855.7953
	1962043.21	628855.9793
	1962044.097	628859.9159
	1962047.202	628858.7438
	1962046.396	628855.7953
END		
178	1962043.889	628847.9385
	1962043.28	628847.1513
	1962045.067	628852.7883
	1962045.977	628854.2613
	1962044.073	628847.2973
	1962043.388	628846.3578
	1962043.28	628847.1513
END		
179	1962045.32	628854.0965
	1962045.977	628854.2613
	1962045.067	628852.7883
	1962043.28	628847.1513
	1962043.216	628847.6167
	1962044.476	628853.5857
	1962045.747	628855.8328
	1962046.396	628855.7953
	1962045.977	628854.2613
END		
180	1962040.536	628851.0963
	1962042.335	628852.0935
	1962039.591	628844.5147
	1962037.394	628843.1388
	1962037.737	628846.3255
	1962038.769	628850.2414
	1962039.867	628853.0857
	1962042.335	628852.0935
END		
181	1962041.498	628845.7631
	1962035.968	628838.9524
	1962037.394	628843.1388
	1962039.591	628844.5147
	1962042.335	628852.0935
	1962043.21	628855.9793
	1962045.747	628855.8328
	1962044.476	628853.5857
	1962043.216	628847.6167
	1962043.388	628846.3578
	1962040.644	628842.5982
	1962039.057	628841.6769
	1962035.968	628838.9524
END		
182	1962035.469	628841.3503
	1962033.004	628833.8875
	1962031.735	628834.8308
	1962032.767	628838.6408
	1962035.095	628843.1917
	1962036.202	628846.2203
	1962037.737	628846.3255
	1962037.394	628843.1388
	1962035.968	628838.9524
	1962034.041	628837.253
	1962033.004	628833.8875
END		
183	1962034.589	628845.0885
	1962035.168	628843.3908
	1962033.21	628844.6586
	1962033.797	628846.0556
	1962036.202	628846.2203
	1962035.168	628843.3908
END		
184	1962032.37	628840.6953
	1962031.735	628834.8308
	1962030.047	628834.7504
	1962030.947	628840.8623
	1962033.21	628844.6586
	1962035.168	628843.3908
	1962035.095	628843.1917
	1962032.767	628838.6408
	1962031.735	628834.8308
END		
185	1962031.607	628829.0336
	1962031.173	628825.1687
	1962029.905	628826.1989
	1962031.735	628834.8308
	1962033.004	628833.8875
	1962032.601	628827.2622
	1962031.173	628825.1687
END		
186	1962030.17	628824.679
	1962027.984	628818.5991
	1962028.105	628819.4043
	1962029.905	628826.1989
	1962031.173	628825.1687
	1962030.782	628824.5969
	1962028.377	628819.0724
	1962027.984	628818.5991
END		
187	1962028.056	628823.8134
	1962026.212	628816.4685
	1962025.816	628817.4623
	1962026.592	628818.9069
	1962026.878	628824.5902
	1962029.836	628829.9878
	1962030.836	628834.7879
	1962031.735	628834.8308
	1962029.905	628826.1989
	1962028.105	628819.4043
	1962027.984	628818.5991
	1962026.212	628816.4685
END		
188	1962024.563	628822.0831
	1962026.592	628818.9069
	1962025.041	628819.0127
	1962022.078	628820.296
	1962022.514	628822.9286
	1962023.731	628825.1115
	1962026.668	628827.9029
	1962028.851	628831.66
	1962030.047	628834.7504
	1962030.836	628834.7879
	1962029.836	628829.9878
	1962026.878	628824.5902
	1962026.592	628818.9069
END		
189	1962024.168	628814.8307
	1962023.062	628812.4367
	1962019.975	628810.8833
	1962020.303	628811.8993
	1962022.23	628812.8624
	1962023.262	628814.577
	1962025.816	628817.4623
	1962026.212	628816.4685
	1962023.202	628812.8493
	1962023.062	628812.4367
END		
190	1962020.609	628808.6829
	1962017.694	628803.0522
	1962016.171	628804.1311
	1962019.287	628808.0999
	1962019.975	628810.8833
	1962023.062	628812.4367
	1962021.567	628808.0391
	1962020.413	628806.9137
	1962018.58	628804.5126
	1962017.694	628803.0522
END		
191	1962017.118	628807.1012
	1962016.171	628804.1311
	1962014.959	628806.0467
	1962018.451	628810.8092
	1962020.193	628811.5565
	1962019.975	628810.8833
	1962019.287	628808.0999
	1962016.171	628804.1311
END		
192	1962023.78	628816.4048
	1962017.768	628809.8776
	1962014.959	628806.0467
	1962014.232	628806.8715
	1962016.964	628810.7881
	1962022.097	628813.4604
	1962022.494	628814.0028
	1962022.732	628817.0852
	1962025.31	628818.9944
	1962026.592	628818.9069
	1962025.816	628817.4623
	1962023.262	628814.577
	1962022.23	628812.8624
	1962020.303	628811.8993
	1962020.193	628811.5565
	1962018.451	628810.8092
	1962017.768	628809.8776
END		
193	1962014.249	628800.7792
	1962011.344	628794.1818
	1962011.133	628794.8328
	1962012.615	628801.7756
	1962015.509	628805.1775
	1962016.171	628804.1311
	1962017.694	628803.0522
	1962017.476	628802.6936
	1962016.546	628801.4232
	1962015.362	628799.7282
	1962015.126	628799.4144
	1962013.988	628797.748
	1962014.053	628797.6473
	1962012.797	628796.0569
	1962011.344	628794.1818
END		
194	1962001.726	628784.4073
	1962001.952	628781.8009
	1961999.208	628783.8843
	1962011.133	628794.8328
	1962011.344	628794.1818
	1962009.783	628792.1662
	1962004.957	628786.2394
	1962003.624	628784.3344
	1962001.952	628781.8009
END		
195	1962001.773	628788.4817
	1961999.208	628783.8843
	1961996.641	628786.1597
	1962007.119	628795.2086
	1962009.05	628796.505
	1962010.426	628799.0186
	1962009.976	628801.2676
	1962013.194	628805.792
	1962014.232	628806.8715
	1962014.959	628806.0467
	1962015.509	628805.1775
	1962012.615	628801.7756
	1962011.133	628794.8328
	1961999.208	628783.8843
END		
196	1961995.456	628776.5038
	1961990.068	628768.025
	1961989.269	628769.0013
	1961991.994	628772.1763
	1961993.899	628776.4361
	1962001.484	628782.1563
	1962001.952	628781.8009
	1961995.496	628775.001
	1961992.008	628771.3051
	1961990.068	628768.025
END		
197	1961987.744	628768.3627
	1961989.269	628769.0013
	1961987.903	628767.1637
	1961986.368	628764.6104
	1961985.055	628765.4439
	1961987.469	628769.7434
	1961989.652	628771.4302
	1961992.497	628776.1596
	1961999.883	628783.3718
	1962001.484	628782.1563
	1961993.899	628776.4361
	1961991.994	628772.1763
	1961989.269	628769.0013
END		
198	1961989.034	628767.6187
	1961988.601	628765.545
	1961987.903	628767.1637
	1961989.269	628769.0013
	1961990.068	628768.025
	1961988.601	628765.545
END		
199	1961996.54	628781.5299
	1961987.469	628769.7434
	1961993.054	628779.8004
	1961998.54	628784.4765
	1961999.208	628783.8843
	1961999.883	628783.3718
	1961992.497	628776.1596
	1961989.652	628771.4302
	1961987.469	628769.7434
END		
200	1961980.796	628760.003
	1961983.71	628764.0544
	1961981.271	628758.9099
	1961979.686	628757.1201
	1961978.388	628758.3184
	1961979.276	628759.1216
	1961982.389	628764.3273
	1961983.71	628764.0544
END		
201	1961987.734	628772.3346
	1961985.055	628765.4439
	1961983.71	628764.0544
	1961982.389	628764.3273
	1961984.127	628767.931
	1961988.408	628775.6781
	1961991.974	628777.8547
	1961987.469	628769.7434
	1961985.055	628765.4439
END		
202	1961982.29	628758.2588
	1961982.865	628758.3631
	1961980.677	628756.2048
	1961980.212	628756.6346
	1961982.329	628758.7723
	1961982.865	628758.3631
END		
203	1961987.681	628765.4036
	1961982.865	628758.3631
	1961982.329	628758.7723
	1961983.716	628761.1325
	1961984.742	628761.0478
	1961986.368	628764.6104
	1961987.903	628767.1637
	1961988.601	628765.545
	1961987.838	628764.2565
	1961985.84	628760.4164
	1961984.373	628760.3878
	1961983.751	628759.2368
	1961982.865	628758.3631
END		
204	1961984.739	628763.682
	1961986.368	628764.6104
	1961984.742	628761.0478
	1961983.716	628761.1325
	1961982.329	628758.7723
	1961980.212	628756.6346
	1961979.686	628757.1201
	1961981.271	628758.9099
	1961983.71	628764.0544
	1961985.055	628765.4439
	1961986.368	628764.6104
END		
205	1961996.374	628784.0634
	1961988.408	628775.6781
	1961987.329	628777.7604
	1961991.43	628780.0358
	1961995.266	628784.7719
	1961996.641	628786.1597
	1961998.54	628784.4765
	1961993.054	628779.8004
	1961991.974	628777.8547
	1961988.408	628775.6781
END		
206	1961977.963	628761.7903
	1961974.864	628761.5553
	1961975.713	628762.5996
	1961975.713	628764.1077
	1961979.894	628768.1559
	1961980.634	628770.3784
	1961988.408	628775.6781
	1961984.127	628767.931
	1961982.389	628764.3273
	1961979.276	628759.1216
	1961978.388	628758.3184
	1961978.088	628758.5955
	1961976.157	628760.3453
	1961974.926	628761.4972
	1961974.864	628761.5553
END		
207	1961979.087	628768.6138
	1961973.464	628762.8643
	1961977.83	628767.5738
	1961978.253	628769.0555
	1961980.634	628770.3784
	1961979.894	628768.1559
	1961975.713	628764.1077
	1961975.713	628762.5996
	1961974.864	628761.5553
	1961973.464	628762.8643
END		
208	1961975.99	628766.579
	1961972.543	628763.7139
	1961976.137	628767.7855
	1961978.253	628769.0555
	1961977.83	628767.5738
	1961973.464	628762.8643
	1961973.057	628763.2452
	1961972.543	628763.7139
END		
209	1961985.25	628774.9511
	1961971.488	628764.676
	1961975.52	628768.7909
	1961978.139	628770.4843
	1961985.125	628776.702
	1961987.329	628777.7604
	1961988.408	628775.6781
	1961980.634	628770.3784
	1961978.253	628769.0555
	1961976.137	628767.7855
	1961972.543	628763.7139
	1961971.488	628764.676
END		
210	1962064.806	628843.5161
	1962067.138	628851.2201
	1962066.588	628849.8312
	1962066.224	628846.1006
	1962066.216	628845.1481
	1962065.189	628842.1424
	1962064.205	628838.1418
	1962063.121	628838.9128
	1962064.138	628844.5379
	1962065.608	628848.4181
	1962066.191	628851.5774
	1962067.138	628851.2201
END		
211	1962066.979	628845.7326
	1962067.738	628850.9938
	1962067.655	628850.6779
	1962067.75	628844.947
	1962067.147	628843.1372
	1962065.798	628840.7877
	1962065.004	628837.5015
	1962064.205	628838.1418
	1962065.189	628842.1424
	1962066.216	628845.1481
	1962066.224	628846.1006
	1962066.588	628849.8312
	1962067.138	628851.2201
	1962067.738	628850.9938
END		
212	1962061.647	628834.97
	1962064.205	628838.1418
	1962061.754	628833.7391
	1962059.928	628829.0559
	1962059.145	628829.3215
	1962060.62	628834.5604
	1962063.121	628838.9128
	1962064.205	628838.1418
END		
213	1962062.779	628834.3963
	1962065.004	628837.5015
	1962063.646	628834.7445
	1962062.958	628833.5936
	1962060.841	628828.7781
	1962059.928	628829.0559
	1962061.754	628833.7391
	1962064.205	628838.1418
	1962065.004	628837.5015
END		
214	1962059.359	628828.676
	1962059.928	628829.0559
	1962058.857	628826.7143
	1962058.236	628826.0936
	1962059.145	628829.3215
	1962059.928	628829.0559
END		
215	1962054.749	628820.7195
	1962052.088	628817.1367
	1962052.278	628817.9337
	1962054.13	628820.1563
	1962058.236	628826.0936
	1962058.133	628825.2869
	1962054.825	628820.4978
	1962052.735	628817.971
	1962052.088	628817.1367
END		
216	1962059.301	628826.6246
	1962060.841	628828.7781
	1962059.11	628825.0752
	1962056.57	628821.7149
	1962053.157	628817.9049
	1962052.707	628816.8995
	1962052.088	628817.1367
	1962052.735	628817.971
	1962054.825	628820.4978
	1962058.133	628825.2869
	1962058.236	628826.0936
	1962058.857	628826.7143
	1962059.928	628829.0559
	1962060.841	628828.7781
END		
217	1962051.878	628814.2545
	1962049.957	628809.618
	1962046.272	628802.7256
	1962045.304	628803.1995
	1962048.829	628809.0296
	1962049.377	628810.0535
	1962051.22	628813.4958
	1962052.088	628817.1367
	1962052.707	628816.8995
	1962052.173	628812.8791
	1962050.771	628811.0468
	1962049.957	628809.618
END		
218	1962045.246	628802.5027
	1962045.906	628802.9048
	1962045.236	628801.9927
	1962044.886	628801.4926
	1962044.231	628801.4575
	1962044.913	628802.5525
	1962045.304	628803.1995
	1962045.906	628802.9048
END		
219	1962043.229	628798.4649
	1962046.272	628802.7256
	1962046	628802.1726
	1962045.302	628801.4847
	1962044.826	628800.7967
	1962042.942	628795.505
	1962041.53	628795.9065
	1962041.744	628796.2768
	1962042.564	628798.7772
	1962044.231	628801.4575
	1962044.886	628801.4926
	1962045.236	628801.9927
	1962045.906	628802.9048
	1962046.272	628802.7256
END		
220	1962041.175	628794.1108
	1962042.942	628795.505
	1962042.043	628794.4334
	1962040.27	628791.4171
	1962039.177	628791.8224
	1962041.53	628795.9065
	1962042.942	628795.505
END		
221	1962039.104	628791.0428
	1962039.715	628791.6228
	1962037.849	628787.9246
	1962037.411	628788.0019
	1962038.992	628791.501
	1962039.177	628791.8224
	1962039.715	628791.6228
END		
222	1962034.398	628785.0234
	1962037.849	628787.9246
	1962037.564	628787.2711
	1962034.918	628784.3289
	1962032.801	628783.0377
	1962033.337	628785.3944
	1962035.507	628786.5916
	1962037.411	628788.0019
	1962037.849	628787.9246
END		
223	1962035.437	628784.1282
	1962040.27	628791.4171
	1962037.373	628785.1755
	1962035.045	628782.9318
	1962034.24	628782.2545
	1962032.801	628783.0377
	1962034.918	628784.3289
	1962037.564	628787.2711
	1962037.849	628787.9246
	1962039.715	628791.6228
	1962040.27	628791.4171
END		
224	1962031.641	628786.3009
	1962033.337	628785.3944
	1962029.312	628785.0055
	1962029.498	628785.3678
	1962031.149	628787.3998
	1962032.359	628788.244
	1962033.337	628785.3944
END		
225	1962030.436	628783.2911
	1962032.801	628783.0377
	1962031.586	628780.7728
	1962023.285	628780.1362
	1962028.652	628783.7168
	1962029.312	628785.0055
	1962033.337	628785.3944
	1962032.801	628783.0377
END		
226	1962025.445	628778.4106
	1962019.145	628777.3734
	1962023.285	628780.1362
	1962031.586	628780.7728
	1962031.084	628778.9154
	1962027.909	628777.1215
	1962025.512	628774.8673
	1962022.174	628777.185
	1962019.145	628777.3734
END		
227	1962032.215	628779.5092
	1962034.24	628782.2545
	1962033.012	628779.0583
	1962030.567	628775.5975
	1962029.918	628776.7755
	1962027.582	628775.8198
	1962025.836	628774.2164
	1962025.512	628774.8673
	1962027.909	628777.1215
	1962031.084	628778.9154
	1962031.586	628780.7728
	1962032.801	628783.0377
	1962034.24	628782.2545
END		
228	1962018.374	628776.2518
	1962020.779	628777.2718
	1962016.817	628774.5694
	1962016.692	628775.7368
	1962019.145	628777.3734
	1962020.779	628777.2718
END		
229	1962017.878	628768.314
	1962025.699	628774.4926
	1962024.272	628773.4702
	1962022.59	628772.4383
	1962019.43	628768.7394
	1962017.636	628766.6757
	1962016.589	628768.5013
	1962023.316	628774.2787
	1962025.512	628774.8673
	1962025.699	628774.4926
END		
230	1962020.604	628773.7115
	1962016.589	628768.5013
	1962018.776	628774.3038
	1962022.174	628777.185
	1962025.512	628774.8673
	1962023.316	628774.2787
	1962016.589	628768.5013
END		
231	1962016.704	628772.0095
	1962016.589	628768.5013
	1962014.69	628770.4418
	1962016.817	628774.5694
	1962020.779	628777.2718
	1962022.174	628777.185
	1962018.776	628774.3038
	1962016.589	628768.5013
END		
232	1962020.299	628767.9276
	1962025.836	628774.2164
	1962024.972	628773.3725
	1962023.44	628772.2295
	1962022.255	628769.7741
	1962021.471	628765.9852
	1962020.074	628763.551
	1962017.636	628766.6757
	1962019.43	628768.7394
	1962022.59	628772.4383
	1962024.272	628773.4702
	1962025.699	628774.4926
	1962025.836	628774.2164
END		
233	1962017.977	628762.632
	1962020.074	628763.551
	1962018.49	628760.7107
	1962011.756	628752.2439
	1962007.497	628748.1957
	1962007.364	628751.2385
	1962008.711	628754.0431
	1962014.982	628759.4142
	1962017.976	628766.241
	1962020.074	628763.551
END		
234	1962013.038	628769.34
	1962015.048	628770.0751
	1962014.389	628768.3361
	1962010.976	628769.4473
	1962011.25	628770.8458
	1962013.261	628770.172
	1962014.69	628770.4418
	1962015.048	628770.0751
END		
235	1962014.006	628762.4689
	1962014.063	628758.6275
	1962010.5	628757.3981
	1962009.801	628758.9856
	1962012.849	628764.6054
	1962014.389	628768.3361
	1962015.048	628770.0751
	1962016.589	628768.5013
	1962017.636	628766.6757
	1962017.976	628766.241
	1962014.982	628759.4142
	1962014.063	628758.6275
END		
236	1962004.605	628762.7277
	1962010.976	628769.4473
	1962009.674	628767.6217
	1962003.917	628759.5359
	1962002.219	628757.3134
	1962001.487	628757.812
	1962003.135	628763.0943
	1962004.262	628763.8325
	1962007.353	628766.8726
	1962009.023	628769.5872
	1962010.317	628770.508
	1962011.24	628770.8491
	1962011.25	628770.8458
	1962010.976	628769.4473
END		
237	1962009.288	628763.1703
	1962009.801	628758.9856
	1962004.661	628760.5814
	1962009.674	628767.6217
	1962010.976	628769.4473
	1962014.389	628768.3361
	1962012.849	628764.6054
	1962009.801	628758.9856
END		
238	1961999.777	628743.9012
	1962007.364	628751.2385
	1962000.9	628742.4965
	1961998.109	628740.2196
	1961997.757	628740.545
	1961995.78	628742.3578
	1961999.292	628745.3117
	1962007.974	628755.4719
	1962010.5	628757.3981
	1962014.063	628758.6275
	1962008.711	628754.0431
	1962007.364	628751.2385
END		
239	1962006.413	628757.5275
	1961999.292	628745.3117
	1961995.865	628747.48
	1961998.067	628749.7237
	1962001.58	628755.5446
	1962002.219	628757.3134
	1962003.917	628759.5359
	1962004.661	628760.5814
	1962009.801	628758.9856
	1962010.5	628757.3981
	1962007.974	628755.4719
	1961999.292	628745.3117
END		
240	1961995.878	628744.4067
	1961992.959	628744.9373
	1961995.865	628747.48
	1961999.292	628745.3117
	1961995.78	628742.3578
	1961994.157	628743.8451
	1961992.959	628744.9373
END		
241	1961995.695	628748.7021
	1961998.87	628751.0538
	1961998.067	628749.7237
	1961995.865	628747.48
	1961992.959	628744.9373
	1961992.016	628745.7976
	1961994.108	628747.5447
	1961994.536	628749.8149
	1961996.695	628750.3229
	1961997.108	628751.2119
	1961998.87	628751.0538
END		
242	1961998.663	628753.6416
	1961998.87	628751.0538
	1961997.108	628751.2119
	1961996.092	628751.7358
	1961993.766	628750.8613
	1961995.743	628752.3854
	1961998.45	628755.3381
	1961999.831	628756.6875
	1962000.847	628756.9892
	1962001.421	628757.5977
	1962001.487	628757.812
	1962002.219	628757.3134
	1962001.58	628755.5446
	1961998.87	628751.0538
END		
END		
